   3.0692
   6.7121
   0.5711
   2.1220
  14.5181
   3.3030
   2.7650
   1.9447
   1.4474
   6.5017
   2.7507
   3.7948
   3.7756
   3.1704
   3.4981
   6.8406
   3.7551
   4.8222
   3.9653
   2.6580
   3.3734
   1.0804
   6.7529
   1.7216
   5.5931
   2.7267
   4.7233
   4.2175
   2.5537
   1.6059
   6.7449
   6.5552
   2.6176
   2.0435
  11.3686
   2.9554
   3.7618
   4.6676
   2.3042
   2.9324
   2.8326
   2.2052
   3.0339
   4.9699
   1.7451
   2.7317
   5.5938
   3.7813
   3.2598
   7.8057
  12.5508
   3.4027
   2.3163
   4.9057
   6.3096
   6.3244
   3.4566
   2.4782
   2.7920
   2.0617
   6.1016
   7.5055
   3.3044
   3.6158
   2.5028
   4.6102
   3.0912
   4.0922
   2.6161
   5.1447
   1.8520
   2.3760
   1.5587
   1.7993
   2.0181
   1.3669
   1.8802
   4.2498
   1.5221
   1.2279
   1.9778
   3.4290
   2.7599
   3.4830
   1.9109
   1.5576
   2.6136
   2.3325
   0.6791
   0.6751
   3.3529
   2.3148
   2.1280
   1.9298
   1.6712
   2.7863
   3.6446
   2.4316
   1.2834
   3.1579
   1.3050
   6.4936
   1.8195
   4.4878
   3.0601
   3.3746
   2.8478
   8.1738
   4.1288
   1.5081
   1.1789
   1.2877
   3.2212
   1.4368
   2.9890
   2.0541
   2.6320
   1.4976
   1.8638
   1.1949
   2.0815
   1.3515
   2.6168
   2.5188
   3.1049
   1.5860
   1.8715
   2.3880
   1.6246
   3.8855
   1.8175
   1.9876
   1.4315
   3.8023
   1.6497
   1.8234
   1.2766
   3.2726
   3.3855
   2.3532
   5.1794
   4.9593
   2.9302
   2.6604
   2.0022
   5.2051
   3.4881
   2.1066
   2.3471
   2.1273
   1.3812
   1.0161
   1.3418
   2.5714
   1.6548
   2.4974
   0.6987
   1.9332
   2.1974
   0.9530
   2.6124
   2.2209
   4.6254
   1.9715
   1.8140
   2.9249
   2.6555
   4.6945
   1.0214
   0.9250
   1.2941
   4.2612
   3.7743
   2.7033
   1.1286
   4.3708
   2.7175
   2.6416
   1.2200
   1.9848
   4.4325
   1.5964
   3.4269
   4.8462
   5.2844
   3.0862
   3.3093
   6.9519
   1.4129
   3.5558
   6.4416
   1.9195
   2.0843
   2.0544
   2.7649
   1.4205
   0.7672
   1.3993
   1.3193
   2.1720
   1.7648
   0.4611
   1.2857
   2.3191
   1.0733
   0.7451
   0.5596
   4.4416
   2.8547
   1.5270
   3.1070
   3.8656
   2.5505
   2.5417
   1.3014
   1.9364
   3.3863
   2.6213
   3.4443
   1.6597
   6.1557
   2.9505
   1.7269
   1.3044
   4.7293
   0.6855
   6.5098
   1.8704
   2.0294
   0.4252
   2.6016
   0.7381
   2.3344
   2.2122
   2.0229
   0.5458
   2.2005
   2.0219
   0.9058
   0.2669
   2.0008
   1.4464
   0.9676
   2.0688
   2.3751
   3.9783
   1.5709
   1.3658
   6.2888
   1.8073
   1.1273
   1.2406
   1.7327
   1.3453
   3.8090
   1.1641
   1.9583
   9.6052
   4.0337
   4.3449
   1.4234
   2.5998
   4.7903
   1.4189
   2.3070
   2.0939
   2.2640
   1.7613
   1.0687
   5.5588
   4.9795
   3.2766
   5.3183
   1.1397
   1.3891
   3.3294
   1.0457
   0.8432
   0.9447
   1.9117
   2.3126
   1.5158
   1.4965
   1.0103
   1.3914
   2.3527
   1.6290
   2.1664
   0.6762
   3.0233
   4.6574
   2.8416
   2.1978
   1.1459
   1.6478
   1.4890
   1.2585
   2.4157
   3.1367
   3.7711
   1.8246
   2.4722
   1.8610
   1.3226
   1.2434
   1.6485
   4.3189
   1.3671
   5.5476
   1.3963
   0.4982
   0.6758
   0.4957
   1.5065
   1.4978
   1.3344
   1.2167
   1.2679
   1.3033
   3.8509
   1.0500
   3.1512
   2.6406
   3.3868
   1.5142
   2.0690
   1.6506
  28.1534
   5.6816
   3.4632
   3.0730
   1.8359
   9.9087
   3.7128
   1.7533
   3.0946
   2.5901
   1.1785
   3.0513
   4.8249
