  -0.00441  -0.00896   0.03556   0.01422
  -0.01060   0.01456  -0.00462   0.03750
   0.00309  -0.00971   0.00759   0.00080
  -0.01016  -0.00152  -0.01390  -0.00481
  -0.00173  -0.02442   0.00896   0.05242
   0.00121   0.02934  -0.02238  -0.01923
   0.01291   0.01233   0.00236  -0.01409
  -0.00077  -0.00185  -0.02663  -0.02151
  -0.00842   0.00827   0.02360   0.01755
   0.00164  -0.00377   0.03878   0.03880
  -0.00302  -0.00273   0.01163   0.03808
   0.00017   0.00264   0.01277  -0.01328
   0.00043   0.00788  -0.09163  -0.01421
  -0.00138  -0.00744   0.01244   0.02234
   0.00095   0.00202   0.01972   0.04182
  -0.00833   0.01385  -0.04019   0.00000
  -0.00752   0.00638   0.00210   0.06229
  -0.00211  -0.00310   0.02521   0.05988
  -0.00600  -0.00788  -0.01928   0.07696
   0.00221  -0.02614  -0.01683   0.00577
   0.00097   0.00303  -0.00853  -0.00692
  -0.00291  -0.00383  -0.03299  -0.05233
  -0.00204   0.00986  -0.02123  -0.01911
   0.00115   0.01090   0.00732   0.03545
   0.00035   0.00035  -0.02578  -0.06194
   0.00274   0.00026   0.03694  -0.00834
  -0.00247   0.00218   0.05543   0.04904
  -0.00186  -0.00332  -0.03274  -0.12533
  -0.00828   0.03236  -0.00145  -0.01260
   0.00366   0.00801  -0.01166  -0.08446
  -0.00062   0.00662   0.02175   0.01747
  -0.01327   0.00980  -0.01517  -0.03525
  -0.00344  -0.00539   0.03612   0.05759
  -0.00399   0.00910  -0.00564   0.02544
  -0.00191   0.00370  -0.01817  -0.04478
   0.00871  -0.02190  -0.00072  -0.01818
  -0.00662  -0.00471  -0.02257  -0.02008
  -0.00950   0.00914  -0.00813   0.00545
   0.00367   0.00566  -0.00372  -0.03152
  -0.00394   0.00999  -0.00598   0.03617
  -0.00590   0.01485   0.02517   0.01151
   0.00175  -0.00756   0.04223   0.04988
   0.00515  -0.00688   0.00280   0.05304
  -0.00239  -0.00271   0.01835  -0.02936
   0.00806  -0.01293  -0.00378  -0.01717
  -0.00265  -0.00226   0.00755  -0.03375
   0.00037  -0.00486  -0.02702   0.00743
  -0.00055  -0.01090   0.02222   0.03637
  -0.00137   0.00034  -0.00551   0.01419
   0.00912   0.00348  -0.01636  -0.03293
  -0.00227  -0.00526  -0.00246  -0.01614
  -0.00612  -0.00409  -0.05237  -0.04850
  -0.00073   0.00927  -0.00931  -0.06082
   0.00027  -0.00102  -0.00978  -0.05950
   0.00027  -0.00569   0.02463   0.07586
  -0.00459   0.00595   0.01063  -0.00979
  -0.01184   0.01888   0.00618  -0.00658
  -0.00252  -0.00433   0.03141   0.04042
   0.00149   0.00267   0.00386   0.01103
   0.00706  -0.01400  -0.00738   0.02477
  -0.00241   0.01475  -0.00141   0.00762
  -0.00707   0.01495   0.03844   0.06747
   0.01225  -0.01038  -0.00511   0.06054
  -0.00499   0.00496   0.01895  -0.00804
   0.00472  -0.00405   0.00268  -0.03145
  -0.00453   0.00198  -0.00369  -0.03246
   0.00518  -0.00788  -0.01555  -0.04100
  -0.00573  -0.00083  -0.01892  -0.03343
  -0.00009  -0.00963  -0.00348  -0.05889
  -0.00577   0.00126  -0.00910   0.04331
  -0.00271  -0.00996  -0.04238  -0.04004
  -0.00751   0.00110  -0.02151  -0.07637
   0.00207   0.00161   0.01783   0.07474
  -0.00169   0.01328   0.01244   0.00653
  -0.00132   0.00067   0.12367   0.08565
   0.00339  -0.00485   0.02663   0.02652
  -0.00415  -0.00109   0.04945   0.04129
   0.00556   0.00919   0.01008  -0.03693
  -0.00310  -0.00919  -0.03358  -0.03685
  -0.00236   0.00109  -0.00091  -0.01360
  -0.00255   0.00142   0.02114   0.00304
   0.00066   0.00593   0.01453   0.02102
   0.00208   0.00664  -0.00118  -0.03017
   0.01229  -0.00025   0.00059   0.01218
   0.00512  -0.00116  -0.01250  -0.04645
   0.00019   0.00008   0.03752   0.01884
   0.00056  -0.00083   0.00631   0.05005
  -0.00623   0.00232   0.01080   0.00884
  -0.00505  -0.00083   0.02016   0.03033
  -0.00376   0.00668   0.08701  -0.01577
   0.00226   0.00794  -0.02782  -0.04886
   0.00206   0.00512  -0.00734   0.04887
   0.00000  -0.00024   0.00420   0.01862
  -0.00291   0.00977  -0.01107  -0.10142
  -0.00103  -0.00241  -0.01280  -0.04004
  -0.00500  -0.00202  -0.01080  -0.02482
   0.00151  -0.00267  -0.02918  -0.03235
  -0.00057  -0.00560  -0.01152  -0.04421
  -0.01102  -0.00694   0.06588   0.00000
  -0.00306  -0.00625  -0.01815  -0.00181
  -0.00163  -0.00322   0.00000  -0.00181
   0.00259  -0.00108  -0.03509  -0.04075
  -0.00884   0.00322   0.01551   0.01314
  -0.00019   0.00297  -0.00717  -0.00937
  -0.00271   0.00402   0.02676   0.02051
  -0.00301  -0.00559   0.03806   0.05387
   0.01370  -0.01186  -0.03269  -0.05019
   0.00115  -0.00569   0.00321   0.04317
   0.00258  -0.00294  -0.01507  -0.02857
   0.00372  -0.00599  -0.00816  -0.00910
  -0.00955   0.01895   0.01034  -0.02592
   0.00038   0.00191   0.00324   0.03864
  -0.01178  -0.00499   0.04069   0.03372
   0.00301  -0.00468  -0.00415   0.01902
   0.00377   0.00842   0.00467   0.00555
  -0.00435   0.01483   0.03259   0.05910
   0.00000  -0.00492  -0.01108  -0.03595
  -0.00068   0.00304  -0.00356   0.01977
   0.00541  -0.00180  -0.00305  -0.00490
   0.00730  -0.00452   0.00458  -0.03165
  -0.00720   0.00016  -0.00458   0.00337
  -0.00348  -0.00405   0.01669  -0.01017
  -0.00262   0.00108   0.03644   0.00848
  -0.00720   0.00041   0.01345  -0.01019
   0.00078   0.00116   0.00949   0.01356
   0.00049   0.00666  -0.00949  -0.00338
  -0.00244   0.00205   0.01375   0.03486
  -0.00255   0.00311   0.00890   0.04154
  -0.00118  -0.00163   0.02488   0.06952
  -0.00462  -0.00123   0.00317   0.01880
   0.00364  -0.00690   0.00045  -0.03203
   0.00383  -0.00661  -0.00454   0.02916
   0.00049  -0.00075  -0.00685   0.01001
  -0.00166   0.00406  -0.00046  -0.01577
   0.00000  -0.01499  -0.01200  -0.01897
   0.02105  -0.00202  -0.04851  -0.03142
   0.01012  -0.00582   0.00583   0.00304
  -0.00162  -0.00832  -0.04054  -0.04019
  -0.00114  -0.00650   0.00754   0.03411
   0.01456   0.00129  -0.01463  -0.02469
  -0.00226  -0.00369   0.02608   0.05177
   0.00160  -0.00052   0.01669   0.01473
   0.00702  -0.00847  -0.02365  -0.03572
  -0.00234  -0.00426   0.00249  -0.00913
  -0.00309  -0.00166  -0.02773  -0.02321
   0.00178   0.00514  -0.02380  -0.01260
   0.00802  -0.00785  -0.00736  -0.00795
   0.00250  -0.00193   0.03880  -0.00963
  -0.00213   0.00542   0.00350   0.02705
  -0.00708   0.00670  -0.01069   0.02939
   0.00541  -0.00809  -0.02381  -0.01381
  -0.00859   0.00575   0.03298   0.04384
  -0.00225   0.00572  -0.01790  -0.04850
  -0.00641  -0.00086   0.01841   0.02907
  -0.00104  -0.00720   0.03191   0.00000
  -0.00304  -0.00568   0.00879  -0.00757
  -0.00190  -0.01660  -0.03665   0.08028
   0.01305  -0.01038  -0.00760  -0.01555
   0.00103   0.00270  -0.00971  -0.01435
  -0.00953   0.00260   0.02183   0.05619
  -0.00446  -0.00179  -0.01978   0.01357
  -0.00429  -0.00314   0.00307   0.05506
  -0.00191   0.00583   0.00459  -0.02192
   0.00182  -0.00134   0.00860  -0.01842
  -0.00144  -0.00494  -0.00657  -0.01607
   0.01294  -0.01660   0.01110   0.05257
   0.00009   0.00046   0.02135  -0.01940
   0.01006  -0.00101  -0.01087  -0.00393
  -0.00789   0.00775   0.02343   0.03604
  -0.00227   0.00751   0.02408  -0.00126
   0.00085   0.00063  -0.00952  -0.03608
  -0.00445  -0.02731   0.03013   0.02591
  -0.01346   0.00922   0.00186   0.01397
  -0.00019  -0.02612  -0.01963  -0.03464
   0.00077  -0.00813   0.00706  -0.01712
  -0.00221  -0.01482  -0.01036  -0.00800
   0.00317   0.01264  -0.01479   0.00134
  -0.00183   0.01736  -0.03623   0.04445
   0.00087  -0.00487   0.03719   0.00000
   0.00498  -0.01486  -0.02332  -0.04981
   0.00382  -0.00785  -0.01536  -0.00945
  -0.00813   0.00144  -0.02579  -0.06880
   0.00488  -0.00038   0.02429   0.01586
  -0.00335   0.01836  -0.01613   0.00854
   0.00745   0.00066   0.00406  -0.00427
   0.00985   0.00620  -0.02822  -0.03037
   0.00282   0.00019   0.00778  -0.01778
   0.00702  -0.01642  -0.02723   0.01704
  -0.00140   0.01201   0.01789   0.01676
  -0.00093   0.00572   0.01757   0.01293
   0.00103   0.00541  -0.02332  -0.01148
   0.00159   0.00121  -0.02388   0.02423
  -0.00852  -0.00270  -0.02501   0.02503
   0.01002  -0.01030  -0.03791  -0.00137
   0.00195   0.01095  -0.04593  -0.02363
   0.00380  -0.00457   0.01827  -0.00211
   0.00812  -0.01441   0.00815  -0.03514
  -0.00221  -0.00475  -0.00814  -0.03567
  -0.00277   0.00542   0.00117  -0.07051
  -0.00630   0.00624  -0.00117   0.03822
   0.00399  -0.00189  -0.16197  -0.01258
  -0.01210  -0.00142   0.03177   0.00945
  -0.00112  -0.00436  -0.00067  -0.01739
  -0.00828  -0.00495   0.01716   0.00952
  -0.00436  -0.00564  -0.02653  -0.03048
  -0.00124   0.00850   0.02062   0.00325
  -0.00010  -0.00802   0.03430   0.04134
  -0.00228  -0.00096  -0.01539   0.01546
   0.00114  -0.00038  -0.02023   0.01068
  -0.00200   0.00813  -0.00397   0.01954
  -0.00430  -0.00496  -0.03091   0.01330
  -0.00384   0.01755  -0.01443  -0.04351
  -0.00356  -0.00528   0.04132  -0.01546
   0.00366  -0.00864  -0.00334   0.01084
   0.00336  -0.00267   0.03542   0.02134
  -0.01166   0.00724   0.00786  -0.03962
   0.00000  -0.00438  -0.01778  -0.02272
  -0.00029   0.00902   0.00464   0.02121
   0.00879  -0.00341  -0.01332  -0.04759
  -0.01024   0.00360   0.04969   0.02943
   0.00155   0.00264   0.06661   0.00912
   0.00136  -0.01194   0.02939   0.01053
  -0.00641  -0.00641  -0.01635  -0.01205
  -0.00832   0.00402  -0.01962   0.04879
  -0.00384  -0.02350   0.00897  -0.00870
  -0.00366   0.00235  -0.00777   0.01874
  -0.00228  -0.00617  -0.01086  -0.01729
  -0.00179   0.00558   0.00665   0.00291
  -0.00359   0.00312   0.01732   0.04117
  -0.00070  -0.00136   0.05919   0.00831
   0.02329   0.00535   0.03509  -0.01249
  -0.00293  -0.00691   0.00538   0.01387
   0.00400   0.00565   0.01661  -0.04220
  -0.00999  -0.00389  -0.04047  -0.01739
  -0.00030  -0.00166  -0.04375  -0.02817
  -0.00375   0.00836   0.00970   0.00450
  -0.00525   0.00203  -0.00970  -0.01661
  -0.00010   0.00068  -0.02203   0.05046
   0.01018  -0.00484   0.02375   0.03972
  -0.00800   0.00223  -0.00057   0.01381
  -0.00218  -0.00534  -0.00979   0.04559
   0.00268  -0.00645   0.01891   0.04234
  -0.00129  -0.00521  -0.01602   0.01125
   0.00810   0.00197   0.00231   0.04612
  -0.00256   0.00363   0.01031  -0.00715
  -0.00673   0.00088  -0.00457  -0.01444
  -0.00229  -0.00137  -0.00172   0.00484
  -0.00209   0.00274  -0.00287   0.00482
   0.00458  -0.00166  -0.00808  -0.02062
   0.00841  -0.00451   0.06938  -0.00245
   0.01505   0.01358  -0.03129  -0.08724
   0.00252   0.00657   0.03454   0.06864
  -0.00106   0.01359  -0.00866  -0.03957
  -0.00291  -0.00019  -0.01313  -0.03849
  -0.00409   0.00105   0.04311  -0.04568
   0.00680   0.00766   0.00316  -0.03020
  -0.00398  -0.00312   0.00629  -0.02364
  -0.00107   0.00312  -0.01156   0.03091
  -0.01392  -0.00217   0.01156   0.02009
  -0.00069  -0.00350  -0.03077  -0.04503
  -0.00059  -0.00095   0.03806   0.01035
   0.00178   0.00057   0.01135   0.02899
  -0.00326  -0.00466  -0.00308   0.00000
  -0.00805   0.00532  -0.02923  -0.05129
   0.00219   0.00331   0.00948   0.01344
  -0.00299  -0.00019  -0.02014  -0.04243
  -0.01216  -0.00892  -0.02823  -0.07221
  -0.01272   0.02113  -0.01722  -0.00835
  -0.00082   0.00168   0.00614   0.03138
  -0.00267   0.00316  -0.02082   0.01293
   0.00380   0.00676   0.03189  -0.02109
   0.01211  -0.00444   0.03144   0.00979
  -0.01293  -0.00353  -0.01289   0.00000
   0.00235   0.01119  -0.01305  -0.02299
   0.00804   0.00769   0.04284  -0.01506
   0.00526  -0.00439  -0.01375  -0.04131
  -0.00495  -0.00340   0.01480   0.08705
  -0.00183   0.00230  -0.03199  -0.05081
  -0.00652  -0.00312   0.00594  -0.01193
   0.00520   0.00092   0.00911   0.03869
   0.00081   0.00578  -0.01181   0.00329
   0.00213   0.00810   0.00860   0.06833
  -0.00132   0.00552  -0.03597  -0.01548
   0.02110   0.00144  -0.01454  -0.00626
  -0.00428   0.00063  -0.02048   0.03850
  -0.00862  -0.00144   0.01879   0.02388
  -0.01706   0.00027  -0.04677  -0.02691
  -0.00967  -0.01644  -0.01189  -0.00608
  -0.00269   0.00648  -0.01689  -0.00458
   0.00589  -0.02563  -0.02214   0.05257
  -0.00839   0.00252   0.02699   0.04371
  -0.00010   0.00400   0.05419   0.02879
  -0.00156  -0.00056  -0.05601   0.01075
  -0.00449  -0.01440  -0.00303  -0.02162
   0.00167   0.00648   0.03232   0.02563
   0.01122  -0.00412   0.01346   0.07192
  -0.00258  -0.00169  -0.02173   0.01598
  -0.00114  -0.00898   0.02290   0.06606
  -0.00041  -0.00447   0.01154   0.02146
   0.00538   0.00694  -0.01795  -0.04105
   0.00144   0.00047   0.01852   0.02416
  -0.00165   0.00444   0.00913   0.02580
   0.00165   0.00376   0.02469   0.02191
  -0.00072   0.00384   0.00663   0.00541
  -0.00984  -0.00131   0.00659   0.00216
   0.00860   0.00635   0.00871  -0.01081
   0.00340  -0.00186   0.05281  -0.01865
  -0.00816  -0.00112   0.04329   0.02515
  -0.00322  -0.01155  -0.03509  -0.03517
  -0.00941  -0.00284  -0.02479  -0.03761
   0.00732  -0.00066   0.02479  -0.03067
  -0.00209  -0.02689  -0.03742   0.03298
  -0.00146   0.02014   0.02510  -0.01048
   0.00292   0.00485   0.00155   0.01741
   0.00613  -0.00314   0.01991  -0.00722
  -0.00697  -0.00210  -0.00711  -0.04475
   0.00104   0.00524   0.00305   0.06794
  -0.00021   0.00983  -0.00815  -0.01368
   0.00031   0.00544  -0.02592   0.01820
  -0.00418  -0.01024  -0.05174  -0.07610
  -0.00283  -0.00095  -0.02124   0.00606
   0.00419  -0.00607  -0.05219  -0.08186
  -0.00146  -0.00889   0.06343   0.02335
  -0.00767   0.00383   0.00112   0.03527
  -0.01146   0.00334  -0.06454  -0.01873
   0.00075   0.00485  -0.00957   0.00754
   0.00213   0.00199   0.02376  -0.04479
  -0.01404   0.00047   0.05703   0.06829
  -0.00519   0.00707  -0.02016  -0.02225
  -0.01465  -0.00094  -0.00057   0.03440
   0.00066   0.01512   0.00957  -0.03190
   0.00340   0.00839   0.00335   0.01853
  -0.00572  -0.00239  -0.00448  -0.02478
  -0.01971   0.00468  -0.02961  -0.01009
   0.00180  -0.00893  -0.00463  -0.04273
   0.00515   0.00332   0.00232   0.05407
  -0.00034   0.00460   0.01842  -0.03962
   0.00812   0.00531  -0.00228  -0.02375
   0.00817  -0.00256  -0.06119  -0.04087
  -0.00839  -0.00790   0.01923  -0.00558
   0.00652   0.00249  -0.00477   0.10982
   0.00637   0.00678  -0.00299   0.01369
  -0.00935   0.00246   0.04516  -0.01369
  -0.01469  -0.00201  -0.01037  -0.01515
   0.00347  -0.00761  -0.01694  -0.02578
  -0.00067  -0.01679   0.00705  -0.01977
   0.01001   0.00122   0.02027  -0.02153
  -0.00044  -0.00281  -0.01502  -0.04452
   0.00706   0.00803   0.02073   0.02943
  -0.00264  -0.00093  -0.02892  -0.03371
   0.02590  -0.00280   0.00410  -0.03193
   0.00043  -0.00693   0.03673   0.03763
   0.00150   0.01214  -0.03264  -0.02009
  -0.00225   0.00924  -0.01289   0.00000
   0.01334  -0.00544   0.02274   0.00434
   0.00413  -0.00659   0.03623  -0.01308
   0.01040  -0.01690  -0.00056   0.04432
   0.00313  -0.00133   0.07395   0.01251
  -0.00543   0.00341  -0.01038   0.00138
  -0.00231   0.00865  -0.00052  -0.00554
   0.00189  -0.00122  -0.00681  -0.00417
   0.00783   0.00131   0.00681   0.00417
  -0.00302   0.00094  -0.03129   0.02466
  -0.00628  -0.00347   0.00698   0.01611
   0.01231  -0.00282  -0.03097   0.01191
  -0.00270  -0.00453   0.05789   0.04250
  -0.00678  -0.00303  -0.03121  -0.02039
  -0.01073   0.00076  -0.01570   0.02917
  -0.00605  -0.01048  -0.02711  -0.03046
  -0.00427   0.00182   0.00280  -0.02215
   0.00256   0.01018   0.02975   0.03241
   0.00659  -0.00123  -0.04838  -0.02453
   0.00000  -0.00019   0.03582   0.02454
   0.00749  -0.00399   0.00275  -0.01284
   0.00315   0.00994  -0.03971   0.01919
  -0.00199  -0.00472   0.00285  -0.00508
   0.00231   0.01195  -0.05495  -0.03368
  -0.00220   0.00429  -0.02187   0.00657
  -0.00452   0.00409   0.02846   0.05970
   0.00389  -0.00661  -0.01322  -0.01867
  -0.00252  -0.00159  -0.01095   0.01990
  -0.01016   0.01328   0.02178   0.02553
  -0.00662  -0.00083  -0.01265   0.01667
   0.00374  -0.00361   0.00785   0.00236
  -0.00246   0.00601   0.01433   0.00938
  -0.00311  -0.00212  -0.02400  -0.00702
  -0.00916  -0.00092   0.00545  -0.03467
   0.00594  -0.00287   0.12260   0.02760
   0.00547   0.01097  -0.02214  -0.00831
  -0.00311  -0.00147  -0.01707  -0.12033
   0.00823   0.00348  -0.00669   0.00805
   0.00234  -0.00018  -0.01692   0.00134
  -0.00875  -0.00119   0.00228  -0.02977
  -0.00915   0.00439   0.01520  -0.04066
   0.00216   0.00046   0.00557   0.00570
  -0.00411  -0.00192  -0.01682  -0.05557
  -0.00991  -0.00641   0.03663  -0.04932
  -0.01045  -0.00378   0.01192   0.03417
   0.00364   0.00166  -0.00162   0.01063
   0.00330   0.00414   0.00377   0.03123
  -0.00949  -0.00322   0.02341  -0.02371
  -0.00311  -0.00600   0.00158   0.00300
   0.00952   0.00655   0.00524  -0.00149
  -0.00342  -0.00018   0.00832  -0.10238
  -0.00100   0.00770   0.01948  -0.02689
   0.01079  -0.00476  -0.00918   0.03679
   0.00088  -0.00414  -0.01601   0.00980
   0.00098  -0.00065   0.01908   0.01773
  -0.00922  -0.00046  -0.01804  -0.00963
  -0.00453   0.00092   0.01035   0.00000
  -0.00689  -0.00175  -0.00103  -0.03446
   0.00022  -0.01226   0.01381   0.03284
   0.00678  -0.00122   0.01463   0.00805
  -0.00044   0.00262   0.03397  -0.00967
  -0.00244  -0.00674   0.01107   0.02240
  -0.00401  -0.00235   0.01755   0.02654
  -0.00470   0.00254  -0.01948  -0.01553
  -0.00517   0.00178   0.01287   0.08831
   0.01287  -0.00829   0.01223  -0.01297
  -0.01310   0.00095  -0.01555  -0.04909
  -0.01980   0.00189  -0.00095  -0.03728
   0.00436  -0.00928   0.01463   0.01726
  -0.00873   0.00881  -0.02948  -0.03321
  -0.00463  -0.00057  -0.03737  -0.01458
  -0.00325   0.00902   0.00200  -0.02310
   0.00511   0.00168   0.01833  -0.03223
  -0.00267   0.00131  -0.00345   0.01029
  -0.00524   0.00075  -0.01639  -0.02418
  -0.00573  -0.00429  -0.01260  -0.03740
  -0.00106   0.00140   0.01510   0.05302
  -0.00613  -0.00234  -0.00601   0.06012
   0.01128  -0.00253   0.01348  -0.01634
   0.02709   0.01343  -0.01650  -0.05416
  -0.00627  -0.00288  -0.01883  -0.04627
   0.00877   0.00000  -0.01971  -0.02024
  -0.00114  -0.00177  -0.01106  -0.03596
   0.00238   0.00139  -0.00053   0.03036
   0.00125   0.00288  -0.04720  -0.08175
  -0.00351   0.00840   0.04614  -0.05204
  -0.00741  -0.00138  -0.06352  -0.02378
  -0.00172   0.00578   0.03390  -0.01322
  -0.00471   0.00009  -0.01043  -0.11253
  -0.00058  -0.00449   0.02455   0.00495
   0.00023  -0.00840  -0.02631  -0.05515
   0.00379  -0.00251  -0.02535  -0.05293
  -0.00818  -0.00046  -0.08256   0.00812
  -0.00883   0.00084   0.05598   0.16373
  -0.00926   0.00583   0.01873  -0.07420
   0.00212  -0.00139   0.01673  -0.03959
  -0.01373  -0.00343  -0.16892   0.07411
   0.00179   0.00712   0.01043   0.09314
  -0.00071   0.00450  -0.01765  -0.01311
  -0.00429  -0.00543  -0.01999  -0.03353
   0.00000  -0.00342  -0.01560  -0.02532
  -0.01130  -0.00028  -0.04330  -0.03560
   0.00012   0.00286   0.05755   0.06996
   0.01619   0.00359   0.01006   0.00674
   0.00309   0.00220  -0.00401   0.03084
   0.00638   0.00147   0.05410   0.02358
   0.01148  -0.00616   0.00063   0.03129
   0.00116  -0.00083   0.03367   0.04418
   0.00232  -0.00750  -0.01794   0.02331
  -0.00349  -0.00223   0.00187  -0.03317
  -0.00012  -0.00037   0.01974   0.03317
  -0.00280   0.00251  -0.02156  -0.07160
   0.00175  -0.00149  -0.00565  -0.06605
   0.00593   0.00390  -0.06693  -0.21002
  -0.00209  -0.00121   0.04662   0.04775
  -0.00396   0.00417   0.02095   0.06761
  -0.00035   0.00553  -0.00126  -0.02451
  -0.00444   0.00303  -0.01138  -0.00998
  -0.00188  -0.00202   0.03684   0.00000
  -0.00353   0.00851   0.01280  -0.06471
  -0.00331   0.00454  -0.04709   0.01064
  -0.00415  -0.00118   0.00000  -0.02682
  -0.00488   0.01101   0.01448   0.05806
   0.01398  -0.00612  -0.01512   0.00256
   0.00551  -0.00425  -0.00573  -0.08538
   0.00350   0.00948   0.01961  -0.02826
   0.01355  -0.00315  -0.06533  -0.12497
   0.00813   0.00198   0.02248  -0.04313
   0.01247  -0.00072   0.02835   0.02014
  -0.00803  -0.00063   0.04958   0.07363
   0.00826  -0.00524  -0.06624  -0.11778
   0.00158   0.00253  -0.01431  -0.03175
  -0.00598   0.00532   0.01690   0.06252
  -0.00761  -0.00468  -0.02084   0.07771
   0.00046   0.00657  -0.01191   0.07861
  -0.00228   0.00804  -0.02836  -0.06009
   0.01170   0.00018   0.01293  -0.02476
   0.01379   0.00116  -0.05132  -0.00313
  -0.00581  -0.00436   0.03014  -0.01905
  -0.00303   0.00436  -0.00415  -0.06625
   0.01737   0.00027  -0.04685  -0.09326
   0.00594  -0.00356  -0.05298   0.03327
   0.01287   0.00507   0.08727   0.06681
   0.00669   0.00769  -0.04819  -0.04879
   0.00129   0.00509  -0.00147   0.02817
  -0.00506   0.00367   0.00662  -0.00348
   0.01405  -0.00236  -0.00293  -0.02827
   0.00817   0.00332  -0.00221   0.00357
   0.00084  -0.00410   0.10948   0.13353
  -0.00264   0.01053  -0.01531  -0.04147
   0.00917   0.00622   0.00868  -0.00982
  -0.00515  -0.00189  -0.00466   0.00656
  -0.00943   0.00576  -0.01075   0.03216
  -0.00106  -0.00326   0.00941   0.07614
   0.01407   0.01112   0.00268   0.06801
  -0.00358   0.00170   0.00133  -0.03060
  -0.01188  -0.00408  -0.01139  -0.02866
  -0.00728   0.00908   0.04157   0.05376
   0.01493  -0.00483   0.11353   0.06403
  -0.00883  -0.00468   0.02676   0.05773
   0.00117  -0.00522  -0.02446  -0.00489
   0.00160   0.00283   0.00460   0.03373
  -0.01405   0.01046   0.01253   0.02804
  -0.00422  -0.01080   0.00283  -0.02568
  -0.00065   0.00214   0.03057   0.00236
  -0.00348  -0.00419   0.00692   0.07056
   0.00900  -0.00792   0.01408  -0.01105
   0.00474   0.00551  -0.04033  -0.07376
   0.00813  -0.00915   0.01813  -0.00721
  -0.00288   0.00277  -0.03370  -0.02935
   0.00405  -0.00572   0.01753  -0.03023
  -0.00973  -0.00096   0.01740   0.09507
   0.00290   0.01151   0.02465  -0.01405
  -0.01588   0.00077  -0.02433  -0.01665
   0.00900   0.01086  -0.01857  -0.10350
   0.00216   0.00042   0.02556  -0.01070
  -0.00898  -0.00272  -0.01006  -0.04396
  -0.00076  -0.00556   0.01180   0.03043
  -0.01534  -0.00844   0.01449   0.08610
   0.01153  -0.00182  -0.01536  -0.06188
  -0.00723   0.00095  -0.03090  -0.06596
  -0.00209   0.00759  -0.03644  -0.06454
  -0.00088   0.00069   0.01285   0.06170
   0.00286  -0.00327  -0.04604   0.05811
  -0.00022   0.00412   0.01242  -0.01900
   0.00384  -0.00369  -0.02608  -0.02497
   0.00916   0.00925  -0.02657  -0.01699
   0.00854   0.00043   0.05974  -0.01729
   0.00526   0.01464  -0.03600   0.02582
  -0.00548   0.00017   0.02519   0.06046
   0.00258  -0.00177   0.01034   0.11094
  -0.00420   0.00829   0.01451  -0.00960
   0.00075  -0.00292  -0.01009   0.00720
   0.00366   0.00167  -0.06982  -0.11122
  -0.00161   0.00766  -0.03902  -0.05779
  -0.01648  -0.00357   0.02992   0.08157
  -0.00164   0.00639  -0.03548   0.01811
  -0.00957   0.01036   0.00630  -0.00772
  -0.01302   0.00506  -0.05884  -0.02089
   0.00625  -0.00228   0.02737   0.04891
   0.00765   0.00130  -0.04755  -0.01775
  -0.00932   0.00723   0.00879   0.01018
  -0.00997   0.00178   0.00022   0.06137
   0.00505  -0.00974   0.04830   0.04425
   0.00324   0.00139   0.02001  -0.06590
  -0.00504   0.00146   0.04208   0.04983
  -0.00315  -0.00301  -0.05252  -0.02105
  -0.00848   0.00675   0.00665   0.01873
  -0.00148   0.01679   0.01192  -0.04751
   0.00341   0.00959  -0.01593  -0.06535
   0.01194  -0.01063  -0.04616  -0.02631
   0.00925  -0.00024   0.01765  -0.05480
  -0.00411  -0.00841   0.06532   0.12682
   0.00289  -0.00242  -0.00265  -0.01500
   0.00133   0.00659  -0.02011   0.00312
  -0.01453  -0.00297   0.03128   0.05358
  -0.00316   0.00273  -0.01650   0.01811
   0.00742  -0.01055  -0.01270   0.04318
  -0.00675   0.00911   0.00570  -0.02944
  -0.00543  -0.00781   0.03003  -0.02843
   0.00023  -0.01073   0.06597   0.07739
   0.01049  -0.00393   0.07217   0.06855
   0.01371   0.00532   0.00314  -0.01221
  -0.00800  -0.00688  -0.02496  -0.02589
  -0.00156   0.00328   0.00596  -0.12698
   0.00290   0.00106   0.01917   0.04316
   0.00434   0.00750  -0.00971  -0.06387
  -0.00970   0.00510   0.02140   0.02651
  -0.00562  -0.00154  -0.00916   0.00919
   0.00707  -0.01344   0.02885  -0.01846
  -0.00134  -0.00164  -0.02659   0.03697
  -0.00382  -0.00436  -0.01484  -0.06971
   0.00482  -0.00116   0.01882   0.03585
  -0.00202   0.00239   0.00035   0.00271
  -0.00766   0.00263   0.01660  -0.04257
  -0.00034   0.00484  -0.00614  -0.00930
  -0.00601   0.00376  -0.01534  -0.00816
  -0.00376  -0.00171  -0.02987   0.00327
  -0.00126   0.00505   0.00669  -0.01192
   0.00456   0.00114   0.00902   0.01232
   0.00613   0.00267   0.01936   0.03570
  -0.00158  -0.00739  -0.00632   0.01951
  -0.00614   0.00804   0.02039  -0.04303
  -0.00137  -0.00616   0.01353   0.04149
  -0.01206  -0.00098  -0.00869   0.00386
  -0.00684  -0.01974  -0.00518   0.03299
  -0.00326  -0.00200   0.01857  -0.00523
   0.00082   0.00498  -0.01516   0.01229
  -0.00350  -0.00540  -0.02171  -0.05129
   0.00339   0.00141  -0.02299  -0.04955
  -0.01421  -0.01162  -0.00758  -0.00205
  -0.00035   0.00210   0.00970   0.01021
  -0.00036   0.00310   0.00662   0.01573
   0.00649   0.00642   0.02888   0.04765
  -0.00613   0.00067   0.00452  -0.03730
   0.00637  -0.00366  -0.00213   0.01376
  -0.00012   0.00574  -0.00986   0.00312
  -0.00945   0.01171   0.01079  -0.01688
   0.00639  -0.00230  -0.00094   0.03271
   0.00670   0.00123  -0.00608  -0.03549
   0.00724  -0.00386  -0.00680  -0.00597
   0.00348   0.01269  -0.01874  -0.02917
  -0.00209   0.00187   0.00588  -0.01659
  -0.00606  -0.00187   0.00498  -0.01050
  -0.00609   0.00268  -0.01536  -0.00933
   0.00446   0.00888  -0.00434   0.00213
   0.00304  -0.00121   0.00240  -0.00384
   0.00477  -0.00185  -0.00195   0.03525
   0.00139  -0.00161   0.00345   0.03046
  -0.00023   0.00347   0.00424   0.02917
  -0.01767   0.00305   0.01382   0.02608
   0.00047   0.00080  -0.01841  -0.01027
  -0.00224  -0.00410   0.01188   0.02716
   0.00260   0.00209  -0.01205   0.00149
  -0.01270   0.01031  -0.00782  -0.02635
   0.01129   0.00064  -0.05125  -0.02238
   0.00106  -0.00334  -0.01685   0.04090
   0.00975   0.00080  -0.02671  -0.04168
   0.00664  -0.01178   0.01837   0.01435
  -0.00980   0.00032   0.03222   0.05212
  -0.00035   0.00522   0.01186   0.02097
   0.00258   0.00552  -0.00656  -0.03015
   0.00000  -0.00439   0.00657   0.05801
   0.01762  -0.00433  -0.03995  -0.05507
  -0.00127  -0.00597  -0.00269   0.04247
   0.00264  -0.00617   0.01622  -0.01742
  -0.00426   0.01085   0.00142  -0.04886
   0.00872  -0.00153  -0.01274   0.00188
   0.00513  -0.00291   0.00363   0.05127
  -0.00364   0.00154   0.01052  -0.00501
  -0.00183  -0.00437  -0.01234  -0.01482
   0.00011   0.01521   0.01092   0.00000
   0.00023  -0.00144  -0.00607  -0.01949
   0.00467  -0.00104   0.01743   0.00924
   0.00227  -0.00925   0.01612   0.04496
   0.00340  -0.00210  -0.00572  -0.01274
  -0.00465   0.00315  -0.01556  -0.00822
  -0.00307  -0.00016  -0.00244  -0.00468
   0.00034  -0.00510  -0.01824  -0.03938
   0.01223  -0.00138  -0.00106   0.00000
   0.00606  -0.00865   0.00833   0.01009
   0.00480   0.00401   0.00863   0.00408
   0.00466  -0.00705   0.00320  -0.01679
   0.00981  -0.01391  -0.01127  -0.04110
   0.00263   0.00158   0.00703  -0.00472
   0.00295   0.00216  -0.01103  -0.09846
  -0.00415   0.00290  -0.00469  -0.01224
  -0.00132  -0.00673  -0.02146  -0.03175
   0.00863   0.00000   0.02012   0.00634
  -0.00305  -0.00058  -0.00927  -0.01456
  -0.00547   0.00242   0.03801   0.05741
  -0.00198  -0.00008  -0.00122  -0.00303
   0.00044   0.00299  -0.01803  -0.01750
  -0.00055  -0.00574  -0.00784  -0.03825
   0.00625  -0.00326  -0.03687  -0.03121
  -0.00702  -0.00546  -0.00410   0.01176
  -0.02473   0.00621   0.01529   0.04258
   0.00326   0.01057  -0.01129   0.00314
   0.00516   0.00157  -0.02370  -0.04011
   0.01123  -0.00730  -0.01449   0.00233
  -0.00621   0.00838  -0.00124   0.04624
   0.02310  -0.02925  -0.03299  -0.08648
   0.00380  -0.00230   0.03225  -0.04496
   0.00831  -0.00017  -0.00416  -0.03654
  -0.00593  -0.01209  -0.02745  -0.08759
  -0.01700   0.00722  -0.03154  -0.04985
   0.00395   0.00675   0.04642   0.11195
   0.00948   0.00221  -0.00370   0.02967
   0.00098   0.00093  -0.03392  -0.05360
  -0.00543   0.01515  -0.01434  -0.00663
  -0.00897  -0.00385   0.01893   0.02680
   0.00657   0.00868   0.01073   0.00966
  -0.00109   0.00423   0.01137  -0.00913
   0.00349  -0.00091   0.03335   0.10730
  -0.00437  -0.00033   0.00370   0.07826
   0.00295  -0.00216   0.00727   0.01069
  -0.00197  -0.00141  -0.01391  -0.02054
  -0.00350   0.00191   0.00113   0.02486
  -0.01214   0.00942   0.02187   0.07266
   0.00774  -0.00528   0.01439  -0.03422
  -0.00011   0.00008   0.01143  -0.02305
   0.00187   0.00272  -0.00147   0.02884
  -0.00319  -0.00182   0.01026  -0.04422
  -0.00442   0.00107  -0.01607   0.00000
  -0.00422  -0.00025   0.01364   0.03513
  -0.00905   0.01067   0.02501   0.02058
  -0.00146   0.00310   0.00531   0.00366
   0.00359   0.00024   0.02575   0.01049
   0.00447  -0.00114   0.01907   0.03783
  -0.00492   0.00220   0.00451  -0.01402
   0.01292  -0.00743  -0.02312  -0.05688
   0.00254  -0.00008   0.00028  -0.03592
  -0.00742   0.00384  -0.00535   0.03134
   0.00566  -0.00548   0.01670   0.02349
  -0.00077  -0.00156  -0.00356   0.01496
  -0.00822   0.00033   0.00428   0.01513
   0.00134  -0.00469   0.03765   0.03648
   0.00267  -0.00083  -0.00175   0.00038
  -0.00994  -0.00888  -0.00035  -0.00420
   0.00280   0.00225   0.00237  -0.01503
  -0.01398   0.00993   0.01589   0.03916
   0.00204   0.00181  -0.02035   0.02358
  -0.00181   0.00598   0.00349   0.00835
   0.00408   0.00220  -0.00218  -0.04016
  -0.00771   0.00488   0.00436   0.01196
   0.00579  -0.00529   0.00382  -0.01989
  -0.00579   0.00464  -0.00958  -0.01681
  -0.00125   0.01010   0.00879   0.01568
   0.00466  -0.00193   0.00846   0.02102
   0.00011  -0.00024  -0.01848  -0.01647
   0.00577  -0.00711  -0.01811  -0.01867
   0.00180   0.00429   0.02013   0.04035
   0.00886  -0.00486   0.01009   0.03164
  -0.00683   0.00550  -0.01271  -0.00972
   0.00011   0.00306   0.02175   0.01507
  -0.00473   0.00097   0.04000   0.05508
   0.00675   0.00345  -0.01043  -0.00880
  -0.00123   0.00663   0.00216  -0.01611
  -0.00236   0.00484  -0.00617  -0.00104
   0.00225  -0.00032   0.01526   0.00518
   0.00459   0.00229   0.01389   0.00412
   0.00346  -0.00158  -0.02423  -0.02428
   0.00755   0.00726   0.00705  -0.01272
  -0.00044   0.00236   0.00198   0.01272
  -0.00233   0.00337   0.00706   0.01118
  -0.00244   0.00180   0.01374  -0.00522
  -0.00278   0.00273  -0.00966  -0.03807
  -0.01211   0.00721  -0.00572   0.00000
  -0.01032   0.00324  -0.00452   0.00687
   0.00057   0.00683   0.00779   0.00646
   0.00738   0.00519   0.00895  -0.00215
  -0.00238  -0.00129  -0.00487  -0.00576
   0.00892  -0.00198  -0.01592  -0.02003
   0.01450   0.00745   0.00445   0.01170
  -0.00433  -0.00197   0.01762   0.05415
  -0.00513  -0.00563   0.01557   0.01911
  -0.00168  -0.00069  -0.01242   0.00101
  -0.00067   0.01215   0.00523   0.00068
  -0.00483   0.00068  -0.00168  -0.00847
   0.00483  -0.00008  -0.01906  -0.00204
  -0.00224  -0.00332  -0.01509  -0.01131
   0.00336  -0.00258  -0.01896  -0.02869
  -0.00247  -0.00525   0.00676   0.01409
  -0.00890   0.00479  -0.01228  -0.03598
  -0.00386   0.00273   0.02107   0.04884
   0.00499   0.00385  -0.04827  -0.02980
  -0.00068   0.01005  -0.03337  -0.05110
  -0.00023   0.00201  -0.02381  -0.00075
  -0.00613   0.00290   0.00757   0.02297
  -0.01457  -0.00126   0.00514   0.04090
  -0.00579  -0.00776  -0.01039  -0.00070
   0.00441   0.00060  -0.04879  -0.04424
   0.00058  -0.00503   0.02446   0.01388
  -0.00626   0.00914   0.02193  -0.00290
   0.00221  -0.00217   0.00102  -0.02542
   0.00832  -0.00796  -0.01117   0.00149
  -0.00150   0.00893  -0.00469  -0.01048
   0.00242  -0.00135   0.00441   0.00451
  -0.00035  -0.00172  -0.02584  -0.01815
   0.00425   0.00954   0.01034   0.00191
   0.00583  -0.00857   0.02250   0.02073
  -0.00114  -0.00601  -0.00757   0.00187
  -0.00434   0.00308   0.01398   0.01809
  -0.00195  -0.00731  -0.00167  -0.01958
   0.00195   0.00377  -0.04745  -0.04618
   0.00389   0.00518  -0.03310  -0.04801
  -0.00675   0.00232  -0.00231   0.03385
   0.00080   0.00381  -0.02994  -0.06000
   0.00515  -0.00313   0.02125  -0.00042
  -0.00504   0.00030  -0.00152   0.05685
  -0.00356   0.00343  -0.01177   0.00674
  -0.00462   0.00208   0.00698  -0.00197
   0.00185  -0.00499   0.00296  -0.02322
  -0.00069  -0.00456   0.04873   0.06848
   0.00611  -0.00866   0.02758   0.04583
  -0.00069   0.00083  -0.00217   0.00181
   0.00836  -0.01110   0.00594   0.00754
   0.00262  -0.02931  -0.02467  -0.01261
  -0.00490   0.00893   0.01322   0.04673
   0.00183  -0.00101   0.00143  -0.00694
  -0.00103   0.00460   0.03051  -0.02504
   0.00126   0.00589  -0.01224  -0.04231
   0.00523  -0.00379  -0.00542  -0.03488
   0.00079   0.00124   0.00178  -0.00775
   0.00034   0.01667  -0.00413   0.02572
  -0.00238   0.00782   0.01066   0.02396
   0.00351  -0.00531  -0.01868  -0.00408
   0.00000   0.00197   0.01206   0.00260
  -0.00511   0.00771  -0.01111  -0.01606
  -0.00262   0.00435  -0.01951  -0.00945
  -0.00011  -0.00511  -0.00639  -0.00457
  -0.00469  -0.00128   0.00475  -0.00920
  -0.00172   0.00000   0.00588   0.00615
   0.01085   0.00534  -0.01102   0.03869
  -0.00273   0.00060  -0.01874  -0.02122
   0.00250  -0.00564  -0.00986  -0.01440
  -0.00284  -0.00264   0.00876   0.02115
   0.00296  -0.00432  -0.03625  -0.01242
  -0.00627  -0.00350  -0.10667   0.01726
   0.00490  -0.00183   0.00377  -0.01160
   0.00011  -0.00214   0.01437   0.01011
   0.00397   0.00610  -0.05567  -0.02147
  -0.00420   0.00410   0.01661  -0.00573
   0.00114  -0.00106  -0.00292  -0.00962
   0.00318  -0.00578   0.00991   0.05050
   0.00621  -0.00374  -0.01626   0.00586
   0.00146  -0.00660   0.04766  -0.00623
  -0.00056   0.00507   0.00056   0.00514
  -0.00180  -0.00461  -0.01209  -0.00697
   0.00225  -0.00008  -0.00684  -0.01746
   0.00202  -0.00100  -0.00955  -0.00866
   0.00704  -0.01054   0.00243   0.01314
   0.00022  -0.00171  -0.02334  -0.03493
   0.00533  -0.00039  -0.00973  -0.01205
  -0.00288   0.00249  -0.00155   0.02967
   0.00664  -0.00782   0.00643   0.00531
  -0.00332   0.00446  -0.00523  -0.04085
   0.01112  -0.00635  -0.02511  -0.04423
   0.00361   0.00047  -0.07330  -0.02372
  -0.00197   0.00416   0.00656  -0.06165
  -0.01188   0.00655   0.07672   0.13861
   0.00530  -0.00218  -0.03104  -0.01611
   0.00308  -0.00367  -0.00313  -0.05539
  -0.00099  -0.00156   0.03101   0.06014
  -0.00938   0.00757   0.03925   0.05896
   0.00575  -0.00577  -0.01153   0.02931
   0.00341   0.00211   0.01118   0.00541
   0.01103  -0.01699   0.00281   0.00358
   0.00076  -0.00310  -0.01458  -0.02610
  -0.00239  -0.01451  -0.01191  -0.01293
   0.00802   0.00266   0.00657   0.01917
  -0.00346   0.00546   0.00416   0.00292
  -0.00141  -0.00104  -0.01493  -0.00951
   0.00703  -0.00265  -0.01235  -0.01368
   0.00301  -0.00024  -0.00587  -0.01011
   0.00642  -0.01027   0.00794   0.01641
  -0.00363   0.00849  -0.02212  -0.00631
   0.00545  -0.00355  -0.02952  -0.02527
   0.00361   0.00210   0.01524   0.02825
  -0.00351   0.00362   0.01551  -0.00260
   0.00700  -0.00048  -0.01111  -0.01463
  -0.00085   0.00121  -0.01722  -0.00721
  -0.00032   0.00088  -0.01935  -0.00190
  -0.00011   0.00768  -0.01721  -0.01228
   0.00296   0.00064  -0.01119   0.03228
  -0.00349  -0.00415   0.01265  -0.02689
   0.00085  -0.00698   0.00751  -0.01275
  -0.00064   0.00097   0.01265   0.03665
   0.00433   0.00153  -0.01568   0.00112
   0.00641  -0.00418  -0.03471  -0.07702
   0.01063  -0.00574  -0.02443  -0.03288
   0.00610  -0.01717  -0.04034   0.00209
   0.00831   0.00041   0.01373   0.03402
  -0.00965   0.00510  -0.01591  -0.04958
   0.01363  -0.01713   0.02092   0.03741
   0.00609  -0.00376   0.02607   0.05129
  -0.00294   0.00393   0.00139   0.01309
   0.00375   0.00158  -0.06306  -0.03821
  -0.00537   0.00075   0.01440  -0.02495
  -0.00244  -0.00300   0.02775   0.00568
  -0.00880   0.00350   0.04154   0.05172
   0.01418  -0.01281  -0.03039  -0.04889
   0.00697  -0.00685  -0.02313  -0.00040
  -0.00484   0.00076  -0.01315  -0.04421
   0.00373  -0.01126   0.00941   0.01092
  -0.00232   0.00094  -0.00288   0.04494
   0.01682  -0.00576   0.02553   0.01782
   0.00149  -0.00302  -0.02843   0.02749
  -0.00089   0.00457   0.02405   0.00571
  -0.00109   0.00669   0.01906  -0.01107
   0.00880  -0.01109  -0.00069  -0.03795
  -0.00573   0.00423  -0.04983  -0.05364
  -0.01647   0.00968  -0.02140  -0.04430
   0.00121  -0.00873   0.03647   0.06388
   0.00522   0.00463  -0.00273  -0.06961
  -0.01157   0.01621  -0.04347   0.00881
  -0.01048   0.00913   0.06952   0.06943
   0.01017   0.00025   0.00853   0.02584
  -0.00844  -0.00109  -0.01955  -0.00640
   0.00479  -0.00561  -0.03102  -0.02477
   0.00395  -0.00101  -0.00543  -0.00784
  -0.00365   0.00235  -0.02823  -0.04319
  -0.02114   0.01564   0.02853   0.05104
   0.01011  -0.00638   0.02069   0.01267
  -0.00877   0.00555   0.03467   0.03824
   0.00630  -0.00738   0.00307   0.00039
   0.00657  -0.01088  -0.00084   0.01165
   0.00092   0.00193   0.00181  -0.00697
   0.00814  -0.02165   0.04114   0.05407
  -0.00518   0.00642   0.02087  -0.00033
   0.00204   0.00196   0.03657   0.01427
  -0.00622   0.00864   0.03881   0.02120
   0.00041   0.00261  -0.01490  -0.01505
   0.00174  -0.00253  -0.00333   0.01256
  -0.01016   0.01099   0.01215   0.01346
   0.00299  -0.00267  -0.01958  -0.02061
   0.00051   0.00008  -0.01226   0.00108
   0.00849  -0.01034  -0.01855  -0.02653
   0.00061   0.00000  -0.02467  -0.01597
   0.00092   0.00025   0.00733   0.00112
  -0.00234   0.00354  -0.01631  -0.00487
   0.01548  -0.01391  -0.04103  -0.02780
  -0.00362   0.00757   0.01889   0.00347
  -0.00121   0.00279  -0.02124  -0.03048
  -0.00688   0.00118   0.01403   0.03509
  -0.00264   0.00312   0.01760   0.00497
  -0.00664   0.00779   0.01466   0.01513
  -0.00288   0.00715  -0.01869  -0.00678
   0.00380   0.00033  -0.03190  -0.00455
  -0.00185   0.00677   0.00873   0.01769
  -0.00205   0.00550  -0.00248  -0.00187
  -0.00392   0.00384  -0.00791   0.00335
   0.01068  -0.00942  -0.03114  -0.00711
   0.00286  -0.00008  -0.07074  -0.05285
   0.00224   0.01373  -0.01367  -0.01788
  -0.00173   0.00623  -0.00864  -0.02612
  -0.00071  -0.00445  -0.05882  -0.00830
  -0.00184  -0.00536   0.05312   0.03643
  -0.00430  -0.00106  -0.01583   0.00561
   0.00174   0.00220  -0.02713  -0.02920
   0.01089  -0.00916  -0.03455  -0.03305
  -0.00203   0.00810   0.04788   0.04694
  -0.00173   0.00390  -0.02550   0.02723
   0.00294  -0.00138   0.00618  -0.00079
  -0.00508  -0.00016  -0.05834  -0.02157
  -0.00051   0.01148   0.00458   0.00764
  -0.00204  -0.00145   0.00333   0.01512
   0.00732  -0.00573  -0.03533  -0.01312
  -0.00071   0.00073   0.04457   0.02797
  -0.00071   0.00323   0.10446   0.02690
  -0.00448   0.00499   0.07677   0.03285
   0.00143  -0.00289  -0.05370  -0.01906
  -0.01085   0.00401   0.10659   0.02630
  -0.00103   0.00575   0.02799   0.02668
   0.00247  -0.00647   0.01736   0.01256
   0.00512   0.00304  -0.01413  -0.01256
  -0.00102  -0.00738   0.00148   0.01774
  -0.00307   0.00482  -0.03408  -0.02125
   0.00256  -0.00506   0.03355   0.02264
   0.00775  -0.00404   0.02647  -0.00241
   0.00081  -0.00885   0.00235  -0.01076
  -0.00163   0.00293   0.02484   0.01386
   0.00467  -0.00106   0.00342  -0.01561
   0.00907  -0.00506   0.01833   0.01285
  -0.00181   0.00245   0.02578   0.03625
   0.00411  -0.00508  -0.00999  -0.01273
  -0.00200   0.00311   0.00012   0.01073
   0.01176  -0.00789  -0.03228  -0.00636
   0.00465  -0.01278  -0.01738  -0.00034
  -0.00336  -0.00125   0.02378   0.01263
  -0.00446   0.00592   0.00253   0.01916
  -0.00259   0.00141   0.01712   0.02919
   0.00477  -0.00066  -0.00884  -0.03687
   0.00010   0.00646  -0.01042  -0.03064
   0.00238   0.00412  -0.01028  -0.02026
  -0.00825   0.00713   0.04051   0.03024
  -0.00400   0.00326   0.03952  -0.00790
  -0.00180  -0.00065  -0.00556  -0.01285
  -0.00291  -0.00424   0.02074   0.00210
  -0.00242  -0.00352  -0.01332  -0.01193
  -0.00182   0.00262   0.03057   0.02441
   0.00373   0.00416  -0.00893  -0.01492
  -0.00050   0.01528   0.00436   0.01147
   0.00412  -0.00153  -0.02423   0.00414
   0.00311   0.00337  -0.01800  -0.01038
  -0.00100   0.00120  -0.00756  -0.01754
   0.00917  -0.01046  -0.00895   0.01406
   0.00069  -0.00267  -0.03372  -0.03951
  -0.00149   0.00243   0.01509   0.01478
   0.00099  -0.00162   0.00789  -0.00711
   0.01046  -0.00577  -0.01571  -0.01167
   0.00362  -0.01676  -0.00212  -0.02960
  -0.00157   0.00471   0.02005   0.03432
   0.00557  -0.00008  -0.01618  -0.01242
  -0.00127  -0.00124  -0.01480  -0.01854
  -0.00361  -0.00215  -0.00596   0.00336
   0.00498  -0.00282   0.01427   0.02177
  -0.00498   0.00207   0.00587   0.00691
   0.00858  -0.00415  -0.00625  -0.00181
   0.00513  -0.00125  -0.01593  -0.00583
   0.00510  -0.00167  -0.01463  -0.01324
   0.00470  -0.01293  -0.01445  -0.00445
   0.00239   0.00312   0.01626  -0.00597
  -0.01190   0.00930   0.03885   0.03564
   0.00549  -0.00008   0.01331   0.00289
   0.00488  -0.00661   0.02348   0.01995
  -0.00479   0.00936   0.02842   0.01052
   0.00268  -0.00693  -0.02127  -0.01159
   0.00191   0.00184   0.03284  -0.00071
   0.00648  -0.00109   0.00779  -0.04149
   0.00000  -0.00344  -0.00194  -0.04405
   0.00341  -0.00903   0.01216   0.01604
   0.00047  -0.00042  -0.01124  -0.01681
  -0.00066   0.00093  -0.01774  -0.01397
   0.00857  -0.00119  -0.05678  -0.03054
   0.00159   0.00584  -0.00939  -0.00323
   0.00486  -0.00355  -0.01048  -0.00771
   0.00354  -0.00271   0.01680   0.02613
   0.00537  -0.00025  -0.02575  -0.03347
   0.00120   0.00711  -0.00725  -0.01571
  -0.00046   0.00025   0.02132   0.03319
   0.00258  -0.00456   0.00262   0.02074
  -0.00786   0.00918  -0.02547  -0.04646
  -0.00344   0.00619  -0.00128  -0.01332
   0.00205   0.00424  -0.00026   0.00418
   0.01054  -0.00599  -0.01404   0.01943
  -0.00304   0.00025   0.00221  -0.01070
  -0.00129   0.00125   0.00517  -0.00623
  -0.00250   0.00391  -0.00530  -0.02872
  -0.00566   0.00703   0.01046  -0.02078
   0.00065  -0.00049  -0.00669   0.01648
  -0.00289   0.00091  -0.01157  -0.01299
   0.01095  -0.00670  -0.00841   0.01342
  -0.00324  -0.00066   0.02074   0.10291
  -0.00846  -0.01237   0.02398   0.02756
   0.00336  -0.00236   0.00227  -0.01445
   0.00714  -0.00397  -0.00593   0.00877
  -0.00315   0.00506   0.01144   0.01880
  -0.00037  -0.00845  -0.01754  -0.01729
  -0.00009  -0.00545   0.00647   0.00492
   0.00139   0.00043  -0.02135  -0.02793
  -0.00315   0.00332  -0.00155   0.02793
   0.00149   0.00543   0.00863   0.01683
   0.00518  -0.00246  -0.00798  -0.01872
   0.00442   0.00025  -0.00818  -0.01255
   0.00769  -0.00544   0.01334   0.02083
   0.00273  -0.00085  -0.00853  -0.02582
   0.00154  -0.00642   0.01071   0.02769
   0.00435   0.00069  -0.02865  -0.02961
  -0.00308   0.00445  -0.00463  -0.00812
  -0.00045   0.00094  -0.00226   0.01044
  -0.01398   0.00960   0.04258   0.03327
  -0.01343   0.00236   0.00699  -0.01461
  -0.01116  -0.00118   0.04287   0.06076
   0.00170   0.00379   0.00012  -0.00356
  -0.00321   0.01029  -0.00572   0.01802
   0.00217  -0.00067   0.00244  -0.01659
  -0.00643   0.01135   0.03232   0.02391
   0.00934  -0.00603  -0.03171  -0.03428
   0.00272  -0.00548   0.01448   0.01144
   0.00037   0.00083  -0.02303  -0.01000
   0.00290  -0.00292  -0.00123  -0.00036
   0.00503   0.00333  -0.00740  -0.00504
   0.01274  -0.01771  -0.03039  -0.01418
   0.00037   0.00152   0.00382  -0.00367
  -0.01283   0.00775   0.03409   0.03183
  -0.00270   0.00318   0.00550   0.02044
  -0.00233   0.00417  -0.01376   0.00696
  -0.00844   0.00299  -0.00397   0.00035
   0.00591  -0.00416  -0.00498  -0.01009
   0.00355   0.00532  -0.01714  -0.02050
   0.00753  -0.00808   0.00380   0.01136
  -0.00483   0.00742  -0.00330  -0.00141
   0.00204  -0.00141   0.01662   0.01370
   0.00260  -0.00083   0.03341   0.00556
   0.00655  -0.00133   0.00109   0.01377
   0.00321  -0.00618   0.01651   0.00885
  -0.00459   0.01042  -0.01074  -0.00068
   0.00999  -0.00724   0.02687   0.01381
  -0.00155   0.00542   0.00140   0.00000
   0.00819  -0.00416  -0.00643  -0.00907
   0.00009   0.00350  -0.01561  -0.01737
  -0.00372   0.00075   0.01467   0.00753
   0.00100  -0.00166   0.00632   0.01422
   0.01532  -0.00895  -0.00891  -0.02622
   0.00517  -0.00429   0.01159   0.00688
  -0.00339   0.00454   0.01937   0.01328
   0.00632  -0.00387  -0.01206  -0.00237
   0.00734  -0.00592   0.01138   0.03367
  -0.00123  -0.01220  -0.00769   0.00425
   0.00992   0.00120  -0.00730  -0.01446
   0.00392   0.00470   0.01728   0.02904
   0.00512  -0.00222   0.01642   0.02572
  -0.00503  -0.00325   0.01095   0.01740
  -0.00009  -0.00344  -0.01433  -0.00649
  -0.00357  -0.00190   0.01344  -0.00217
   0.00739   0.00060  -0.01017  -0.03124
   0.01240   0.00490  -0.02896  -0.02697
  -0.00009   0.00163  -0.00790  -0.00099
   0.00188   0.00393   0.00477  -0.01562
  -0.00060   0.00017  -0.00116   0.00100
   0.00732  -0.00308  -0.00958  -0.01344
   0.00567   0.00197   0.02810   0.01745
  -0.00941   0.01365  -0.00137   0.03857
   0.00789  -0.00236  -0.00240   0.00256
  -0.00585   0.00883   0.00775   0.00319
  -0.00187  -0.00823  -0.00809  -0.01736
  -0.00358   0.00631  -0.04102   0.00549
   0.00051  -0.00563   0.00512   0.02233
   0.01374  -0.00838  -0.02829   0.00723
  -0.01485   0.01032  -0.02285  -0.01833
   0.00410  -0.00608   0.02407   0.00477
  -0.00487  -0.00365  -0.00355   0.01230
   0.00665   0.00008   0.02728  -0.00818
   0.00026  -0.00025  -0.00024   0.00975
   0.00534  -0.00170  -0.01439  -0.02120
   0.00110   0.00281   0.02093   0.03086
  -0.00262   0.00347  -0.00237   0.00000
  -0.00867   0.00169   0.00473   0.00618
  -0.00274   0.00287  -0.00177  -0.00867
  -0.00532  -0.00295   0.00437  -0.00624
  -0.00587  -0.00712  -0.02070  -0.01735
  -0.00434   0.00348   0.00540  -0.00283
   0.00814  -0.00357  -0.01372  -0.00644
  -0.01416   0.01503   0.02230   0.01752
  -0.00053   0.00335  -0.01109   0.00032
   0.00689   0.00125  -0.01109   0.00472
   0.00676  -0.00351   0.01312   0.00251
  -0.00485  -0.00689   0.01367   0.01763
  -0.00182  -0.00329  -0.00936  -0.01357
  -0.01418  -0.00135   0.02517   0.03163
  -0.00672   0.00423   0.00186   0.02123
   0.00408  -0.00618  -0.00908  -0.01852
   0.00696  -0.00136  -0.01699  -0.00939
  -0.00758   0.00093   0.01018   0.02108
  -0.00053  -0.00221   0.00622   0.00416
  -0.00577  -0.00256   0.01187   0.00562
  -0.00214   0.00849   0.00346   0.00324
  -0.00402   0.00531  -0.04010  -0.02321
   0.00670  -0.00396   0.00467   0.00181
   0.00948  -0.00042  -0.01468  -0.01850
  -0.00185   0.00833  -0.00791   0.01579
   0.01394  -0.00479   0.00548   0.00930
  -0.00375   0.00403  -0.00965  -0.03000
   0.00627  -0.00361   0.02472   0.02611
  -0.00139   0.00504  -0.01216  -0.01692
  -0.00270   0.00301  -0.00901  -0.00061
  -0.00867   0.00641  -0.01032   0.01032
  -0.01204  -0.00108   0.00357   0.01646
   0.00187  -0.00349   0.00025  -0.01345
   0.00753   0.00391  -0.00172   0.00060
   0.00106  -0.00433  -0.01591  -0.03364
   0.00070   0.00316   0.00075  -0.02680
   0.00290  -0.01187   0.01172  -0.00192
  -0.00608   0.00092   0.00235  -0.00965
   0.00247  -0.00556   0.00173   0.00291
  -0.00397   0.00144   0.00603   0.02357
   0.00115   0.00455  -0.00381  -0.01459
  -0.00603   0.00059   0.00442   0.00256
   0.00053   0.00084   0.00282   0.02981
  -0.01045   0.00159   0.02093   0.02654
  -0.00189  -0.00142  -0.00396  -0.01181
  -0.00117  -0.00867  -0.00168  -0.01659
  -0.01159  -0.00551  -0.00241  -0.00031
  -0.00961   0.00000   0.00145  -0.00435
   0.00193  -0.00128  -0.01224  -0.00218
   0.00009   0.00051   0.00657  -0.00406
   0.00119   0.00213  -0.00608  -0.00786
  -0.00092  -0.00255  -0.00122   0.01783
   0.00823  -0.00624   0.00134   0.01140
  -0.01043  -0.00481   0.04472   0.02931
  -0.00249  -0.00095   0.00663   0.01712
   0.00497   0.00627   0.01813   0.00526
   0.01584   0.00248  -0.01098  -0.00760
   0.00460  -0.00497   0.02443  -0.01210
   0.00592  -0.00129   0.00358  -0.01075
   0.00045   0.00685  -0.01783  -0.01056
  -0.00080  -0.00051   0.00091   0.01982
   0.01076   0.00264   0.00883   0.00504
  -0.00027   0.00026  -0.00237  -0.00682
  -0.01228  -0.00976   0.02014   0.03022
   0.00652  -0.00241   0.00376  -0.00058
   0.00009  -0.00623   0.01501   0.01036
   0.00939  -0.01117   0.01381  -0.00229
   0.01070  -0.01806  -0.02047  -0.02263
   0.00166  -0.00268  -0.00055   0.01716
  -0.00131   0.00045  -0.02147  -0.02246
   0.00105   0.00143   0.00011   0.00059
  -0.00017  -0.00054  -0.00404   0.00644
   0.00833  -0.00655   0.00448   0.00267
   0.00620   0.00324  -0.01260  -0.02394
   0.00497  -0.00739   0.02261   0.01779
   0.00077  -0.00018  -0.00299  -0.00442
  -0.01038   0.00280   0.00620   0.03025
   0.00944  -0.00081   0.00594   0.00172
   0.00664  -0.00907   0.00568   0.00627
   0.00178  -0.00237   0.01042  -0.01287
  -0.00936  -0.00192  -0.00227   0.01514
   0.00995  -0.00707   0.00238   0.00565
  -0.00748   0.00661  -0.00516   0.00612
  -0.00616   0.00247   0.00022   0.00581
   0.00112  -0.00183  -0.03802   0.00714
  -0.00300   0.00192  -0.00056  -0.00274
   0.00352   0.00591  -0.00258   0.00220
   0.00043  -0.00482  -0.00079   0.01334
   0.01099  -0.00677  -0.00530  -0.01553
  -0.00085   0.00586  -0.00351  -0.00110
   0.00322  -0.00329   0.00306  -0.01022
  -0.00602  -0.00781   0.00113   0.00222
  -0.00623  -0.00046   0.01547  -0.00277
  -0.00137  -0.00139  -0.00625   0.00913
   0.00180   0.00083  -0.00246  -0.00220
  -0.00730   0.01676   0.00403  -0.00637
  -0.01344   0.00994   0.00224   0.01434
   0.00375  -0.01449  -0.00604  -0.00908
  -0.00209   0.00282  -0.00732  -0.00221
  -0.00489   0.00218   0.01135   0.00635
   0.00768  -0.00784  -0.01216  -0.00940
   0.00087  -0.01206   0.01897  -0.03017
   0.01140   0.00526   0.01477   0.01867
   0.00548  -0.00203   0.00440  -0.00084
   0.00273   0.00092  -0.00926  -0.01128
   0.00009   0.00506  -0.00500  -0.00998
   0.01261  -0.00802  -0.00952  -0.01705
   0.00134   0.00875   0.00505   0.00813
  -0.00118  -0.00064  -0.01136  -0.01515
   0.00151  -0.00110   0.00272   0.01342
  -0.01225   0.00477   0.01155   0.01780
   0.00144   0.00301  -0.00257  -0.02245
   0.01122  -0.00558   0.00536   0.00175
   0.00644   0.00384   0.00699   0.00435
  -0.00326   0.00073   0.00518   0.00922
   0.01065  -0.00723  -0.00286   0.00229
   0.00074  -0.00599  -0.00497  -0.00086
  -0.00132   0.00019   0.01232   0.00827
   0.00660  -0.00380  -0.00857  -0.02094
   0.00492  -0.00512   0.00616   0.00607
   0.00098   0.00065  -0.00627  -0.03667
  -0.00115   0.01020   0.01207  -0.01505
  -0.00418  -0.00157   0.00727   0.03722
   0.00982  -0.00463   0.00334  -0.01205
   0.00049  -0.00195  -0.00649  -0.02365
   0.00309   0.00074   0.02010  -0.01097
   0.00429  -0.00167  -0.00619   0.00884
  -0.00040   0.00464  -0.00720   0.01746
   0.00032   0.00019   0.00441  -0.00569
   0.00282  -0.00502   0.00268  -0.00995
  -0.00073   0.00037  -0.00644   0.01862
   0.00466  -0.00140  -0.00562   0.00268
  -0.00185  -0.00103   0.00681   0.00148
   0.00353  -0.00234   0.00665   0.01470
   0.00288   0.00065  -0.00957   0.00727
   0.00605   0.00121   0.00054  -0.01548
  -0.00040  -0.00168  -0.01226   0.00908
   0.00689  -0.00798   0.01625   0.02676
   0.00739   0.00094   0.00011  -0.00455
  -0.00849  -0.00009  -0.00301   0.01106
   0.00841  -0.00019   0.00280   0.01066
   0.00632   0.00348  -0.01987  -0.00729
  -0.00398  -0.00056   0.00372   0.00000
  -0.00525  -0.00216  -0.02042  -0.00790
  -0.00071  -0.00179   0.00678   0.01909
  -0.01090   0.00038   0.04026  -0.03077
  -0.01545   0.00723   0.01374   0.00372
   0.01513   0.00280   0.01850  -0.00171
   0.00262  -0.00308   0.00616  -0.00545
   0.00789  -0.00714  -0.00194  -0.00692
  -0.00845   0.00122   0.00399  -0.00261
  -0.00461  -0.00057   0.01972   0.01785
   0.00722  -0.00557  -0.01058  -0.01989
  -0.00182  -0.00038  -0.01447   0.00087
  -0.01847   0.00539   0.00645  -0.01956
   0.00507  -0.00236   0.01237  -0.00846
  -0.00209  -0.00237   0.00161   0.00239
   0.01081  -0.00218   0.00612   0.00536
  -0.00072   0.00161   0.00190  -0.03965
   0.00429  -0.00009  -0.01336  -0.00868
   0.00696   0.00047   0.00243   0.02582
  -0.00173   0.00104   0.00010  -0.00061
   0.00433  -0.00123   0.00665   0.01057
   0.00689  -0.00171   0.00350   0.01224
  -0.00062   0.00047  -0.00662  -0.00357
  -0.00438   0.00171   0.00412   0.02877
   0.00758   0.00189  -0.00342  -0.00289
  -0.00281   0.00537  -0.00961  -0.00904
  -0.00996   0.00675  -0.00632  -0.00617
  -0.00966   0.01612  -0.00502   0.00236
   0.00048  -0.00562  -0.01397  -0.01929
   0.00974  -0.00102   0.00861  -0.01602
  -0.01500   0.00811  -0.00258   0.01422
  -0.00473   0.00549   0.00259   0.00000
  -0.00024  -0.00302  -0.00300  -0.01971
  -0.00080  -0.00303   0.00558   0.02540
  -0.01777   0.01223  -0.00227  -0.00239
  -0.01021  -0.00018   0.00021  -0.00842
   0.01127   0.00443  -0.00466   0.00000
   0.01429   0.00612   0.00062  -0.02661
  -0.00242   0.00626  -0.01947  -0.03341
   0.00460  -0.00824  -0.00063   0.01622
  -0.01639  -0.00144  -0.01567  -0.00221
   0.00343  -0.00135  -0.02008   0.01100
  -0.00630  -0.00063   0.02265   0.03260
   0.00426  -0.00307  -0.01599  -0.00242
   0.00220  -0.01395   0.00684   0.00484
  -0.00597  -0.00709   0.01012   0.00512
   0.01586  -0.01471  -0.00580   0.00389
  -0.00998   0.00346  -0.01334  -0.01538
   0.00804  -0.00122  -0.00657   0.00516
  -0.00462  -0.00197   0.00329   0.00242
  -0.00799  -0.00376   0.00492  -0.00483
  -0.00353  -0.00160   0.00674   0.02247
  -0.00643  -0.00123   0.00410  -0.01072
   0.00404  -0.00388  -0.00097   0.01427
   0.00501   0.00085  -0.00389   0.00118
   0.00735  -0.01363  -0.00521  -0.00888
   0.00536  -0.00462   0.00575   0.01213
  -0.02035   0.00816   0.01962   0.01834
  -0.00838   0.00772  -0.00021   0.00948
   0.00672   0.00511  -0.00511  -0.00861
   0.00676  -0.00663  -0.00664   0.00374
  -0.00684   0.00852   0.00043   0.02299
  -0.00166  -0.00567   0.00664   0.00448
  -0.01209   0.01374  -0.00750  -0.01293
   0.00142   0.01457   0.00706   0.00592
  -0.00218   0.00046   0.00288  -0.00848
   0.00927  -0.00823  -0.01814   0.00340
  -0.00050   0.00749  -0.00369   0.01041
  -0.00911  -0.00065  -0.01413  -0.02408
  -0.00480   0.01028   0.00671  -0.00143
   0.00067   0.00273  -0.00572   0.01624
  -0.00499  -0.00429   0.00593   0.01570
   0.00414  -0.00762  -0.00935  -0.00697
   0.00639   0.00853   0.00749   0.01666
  -0.00817   0.00337  -0.00771  -0.01835
   0.00967   0.00100  -0.01482  -0.01015
   0.00251   0.00372  -0.01027  -0.01456
  -0.00318  -0.00027  -0.00170   0.00316
   0.01158  -0.00290   0.01107   0.01197
   0.00734  -0.01391  -0.00045   0.01127
  -0.00618   0.00990  -0.00473  -0.00646
  -0.01710   0.02452  -0.00192   0.00786
  -0.00430   0.01529  -0.01496   0.00863
  -0.00135  -0.00316   0.00288   0.01623
   0.00784  -0.00406  -0.00368  -0.00575
  -0.00928   0.00914   0.00437  -0.01799
   0.00617   0.00044  -0.00899  -0.03063
   0.01131  -0.00175  -0.01023  -0.01188
  -0.00317  -0.00035   0.00618   0.00146
   0.00367  -0.01137   0.01143  -0.00906
  -0.00744   0.00363   0.00424   0.00410
   0.00694  -0.00968  -0.00333   0.01250
  -0.00258   0.00507  -0.00034  -0.00348
   0.01071  -0.00400   0.01820   0.02378
  -0.00041  -0.00456  -0.00396   0.00028
   0.01411  -0.00836   0.00272  -0.00596
  -0.00465  -0.00534   0.00000   0.00313
  -0.00057   0.00245  -0.00532  -0.00085
   0.00327  -0.00154  -0.00159   0.01298
  -0.00368   0.00777  -0.00719  -0.01327
   0.00433   0.00117   0.00240  -0.00570
   0.00505  -0.01503   0.01225   0.00740
  -0.00382   0.00146   0.01567   0.00255
  -0.01444  -0.00027   0.00056  -0.01367
   0.00107  -0.00374   0.00410   0.00658
  -0.00306   0.01651  -0.00432  -0.00142
   0.00545  -0.01413   0.00521   0.01781
  -0.01102   0.00510  -0.00177  -0.00816
   0.00283  -0.00473   0.00066  -0.01796
   0.00646  -0.00898  -0.00421   0.00144
  -0.00066  -0.00074  -0.00635  -0.00547
  -0.00149   0.00395   0.00590   0.01234
  -0.00017  -0.00331   0.00851   0.00513
   0.00660  -0.01428  -0.00885  -0.00884
  -0.00206   0.00670  -0.00490   0.03101
   0.00394   0.00120  -0.00942  -0.01991
  -0.00568   0.00213  -0.00474   0.00958
   0.00453   0.01149  -0.00159   0.00476
  -0.00173  -0.01093  -0.00740  -0.00785
   0.01218   0.00332  -0.00527  -0.01161
  -0.00138   0.00588  -0.01552  -0.00571
   0.00762  -0.00790  -0.00409   0.00799
   0.00048   0.00350  -0.02012  -0.00312
  -0.00016  -0.00507   0.00287   0.02365
   0.00169   0.00028   0.01256  -0.01288
  -0.00866   0.01039   0.00352  -0.00225
   0.00672  -0.00220  -0.01323  -0.01595
  -0.00097   0.00357  -0.00131   0.00086
   0.00516  -0.00687   0.00309   0.01565
  -0.00048  -0.00452   0.01203   0.00704
  -0.00435   0.00092   0.01235   0.00921
  -0.01244   0.01575  -0.01235  -0.01370
   0.00400  -0.00382   0.00887   0.00534
  -0.01238   0.00391  -0.01416  -0.01581
   0.00107  -0.00027   0.00283   0.00567
  -0.00653   0.00913   0.00924   0.00085
  -0.00083   0.00619  -0.00035  -0.00057
   0.00199   0.00089   0.01066  -0.00255
  -0.00315  -0.00439   0.00345   0.00594
   0.00017  -0.00279  -0.00437   0.00000
   0.00141  -0.00433  -0.01136  -0.00850
   0.00050   0.00622   0.00303   0.00369
  -0.00058   0.00215  -0.00911  -0.01484
   0.01826  -0.01336  -0.01812  -0.01857
  -0.00090   0.00471   0.00084  -0.00205
   0.00366   0.00199   0.01709   0.00731
  -0.00685  -0.00009  -0.01542  -0.02209
   0.00016   0.00324  -0.01784  -0.01349
   0.01058  -0.00424   0.02047   0.04111
  -0.00170  -0.00027   0.00131   0.00808
  -0.00032  -0.00517   0.00024   0.00115
  -0.00244  -0.00328   0.01289   0.00715
   0.00559  -0.00338  -0.00282  -0.01089
  -0.00356  -0.00018   0.00423   0.00460
  -0.01044   0.00137  -0.00706   0.00258
  -0.00799   0.00146   0.00071   0.00371
  -0.00074   0.00682   0.00424   0.00738
  -0.00050  -0.00591  -0.00448  -0.00425
  -0.00489  -0.00201   0.00295   0.00028
   0.00199   0.00301  -0.00638  -0.00227
   0.01106  -0.00768   0.00343  -0.00800
  -0.00033   0.00567  -0.00557   0.01787
  -0.00123  -0.00091   0.00415   0.00121
  -0.00925   0.00864  -0.00213  -0.00738
   0.00340  -0.01046   0.00685  -0.00113
   0.00585  -0.00092   0.01042   0.00707
   0.00205   0.00429   0.00674   0.00647
   0.00760  -0.00329   0.00369   0.00893
  -0.00253   0.00729  -0.00311   0.00471
   0.00139  -0.00665   0.00266  -0.00443
  -0.01016   0.00856  -0.00405  -0.01709
   0.00082  -0.00536  -0.00289   0.00423
   0.00164   0.00200  -0.00442  -0.00056
  -0.00016  -0.00091  -0.00047   0.00253
   0.00753   0.00064   0.00023   0.00448
  -0.00024   0.00535  -0.01659  -0.02033
   0.00301  -0.00127  -0.00511  -0.00486
  -0.00342   0.00299   0.00654   0.00429
   0.00415   0.00370  -0.00321   0.00086
  -0.00008   0.00314   0.00379   0.01049
   0.00016  -0.00522   0.00590  -0.00028
   0.00882  -0.00633   0.00890   0.00450
  -0.00137   0.00227   0.01137   0.01145
  -0.01021   0.00614   0.00506  -0.00977
   0.00342   0.00072   0.00184   0.01226
  -0.00146   0.00117   0.00822   0.01539
  -0.00098  -0.00171  -0.00706  -0.01207
   0.01069  -0.01550  -0.00815  -0.00582
  -0.00792   0.00319  -0.00730   0.00168
  -0.00399  -0.00009  -0.01193  -0.01012
   0.00989  -0.00164  -0.00235  -0.00966
   0.00684  -0.00421   0.00083   0.00938
   0.00336   0.00082   0.01253   0.01125
  -0.00040  -0.00800   0.03936  -0.00140
   0.00891  -0.00185  -0.00617  -0.00985
  -0.00040  -0.00677  -0.00814   0.00198
   0.00135  -0.00009  -0.00809  -0.01220
   0.01133  -0.00757   0.01183  -0.01293
  -0.00196   0.00019   0.00643  -0.00901
  -0.00259   0.00037   0.01118   0.00988
   0.00267  -0.00545  -0.00558   0.00116
  -0.00102  -0.00047   0.00279   0.01234
  -0.00039   0.00348   0.00400   0.00000
  -0.00299  -0.00113   0.00399   0.01584
   0.00659  -0.00085   0.00804   0.02056
   0.00748  -0.00170   0.01286   0.01230
   0.00426  -0.00397   0.00969   0.01830
  -0.00015  -0.00028   0.00289   0.00506
  -0.00046   0.00000   0.00000  -0.00665
  -0.00039   0.01261   0.00257  -0.01562
   0.00371  -0.01299   0.00557   0.08217
  -0.00224   0.00000   0.00627   0.00641
   0.00270  -0.00171  -0.01080  -0.00740
   0.00400  -0.01117   0.00599  -0.00496
  -0.00377   0.00048  -0.00378   0.00100
   0.00591  -0.01381  -0.00685  -0.00673
  -0.00084   0.00388   0.00697   0.00573
   0.00321   0.00213   0.00179   0.00521
   0.00549  -0.00465   0.00189   0.00862
   0.00953  -0.00350  -0.00778  -0.00443
  -0.00015   0.00029   0.00820   0.00589
  -0.00203   0.00418  -0.01328  -0.00738
   0.00369  -0.00253   0.01725   0.02052
  -0.00301   0.00321  -0.00125   0.00218
   0.00915  -0.00535   0.01369   0.00482
   0.00306   0.00117   0.00606   0.00000
   0.00045   0.00058  -0.01620  -0.00819
  -0.01386   0.01928   0.00570   0.01322
   0.00166   0.00181   0.00886   0.00761
  -0.00377   0.00494  -0.00865  -0.00213
   0.00641  -0.00742  -0.00228   0.00687
  -0.00218   0.00875   0.00888  -0.00118
   0.01116  -0.01498   0.00021  -0.00332
  -0.01063   0.00326   0.00123   0.00190
   0.00060  -0.00077  -0.01291  -0.02007
   0.00757  -0.00259   0.00363   0.00241
  -0.00142   0.00307   0.00486   0.00193
   0.00097  -0.00365   0.00606   0.00384
   0.00751  -0.00231   0.00113  -0.00048
   0.00988  -0.00716  -0.00225  -0.00024
  -0.00029   0.00155   0.00818   0.00597
  -0.00390   0.01023  -0.00122   0.00547
   0.00405  -0.01042   0.00122  -0.00546
  -0.00626  -0.00418   0.00285   0.00356
