19980102     0.009558
19980105     0.007692
19980106    -0.011157
19980107    -0.009501
19980108    -0.000600
19980109    -0.039592
19980112     0.000625
19980113     0.019975
19980114     0.004896
19980115     0.007917
19980116     0.015106
19980120     0.032143
19980121    -0.076125
19980122    -0.007491
19980123    -0.001887
19980126    -0.010712
19980127    -0.016561
19980128     0.005181
19980129     0.012242
19980130     0.005729
19980202     0.018354
19980203    -0.011809
19980204    -0.010692
19980205     0.012715
19980206    -0.013685
19980209     0.000000
19980210     0.029337
19980211     0.017968
19980212     0.001826
19980213    -0.004860
19980217    -0.003663
19980218     0.007353
19980219     0.000000
19980220    -0.001217
19980223     0.002436
19980224    -0.003645
19980225     0.026829
19980226     0.002375
19980227    -0.010071
19980302    -0.023938
19980303     0.001839
19980304    -0.030600
19980305    -0.000631
19980306    -0.008212
19980309    -0.020382
19980310     0.014304
19980311     0.016667
19980312     0.011349
19980313    -0.006234
19980316     0.016311
19980317    -0.003704
19980318     0.006815
19980319     0.012923
19980320    -0.007898
19980323    -0.006736
19980324     0.020962
19980325     0.024155
19980326    -0.008844
19980327    -0.006544
19980330    -0.010778
19980331     0.006053
19980401     0.005415
19980402     0.013166
19980403    -0.010632
19980406     0.012537
19980407    -0.012382
19980408    -0.001791
19980409     0.017943
19980413    -0.020564
19980414     0.019796
19980415     0.032941
19980416    -0.017654
19980417    -0.000580
19980420     0.031903
19980421     0.061270
19980422    -0.027542
19980423     0.023965
19980424    -0.001064
19980427    -0.017572
19980428     0.003252
19980429    -0.001080
19980430     0.002704
19980501     0.008630
19980504    -0.002139
19980505     0.010182
19980506    -0.002907
19980507    -0.001066
19980508     0.024546
19980511    -0.005729
19980512     0.002619
19980513     0.018809
19980514     0.032308
19980515    -0.006955
19980518    -0.002501
19980519     0.003009
19980520    -0.012000
19980521     0.001012
19980522    -0.013650
19980526    -0.007688
19980527    -0.006198
19980528    -0.001559
19980529    -0.021343
19980601    -0.002660
19980602    -0.013867
19980603    -0.014602
19980604     0.019210
19980605     0.024233
19980608    -0.000526
19980609     0.003682
19980610    -0.016771
19980611    -0.010661
19980612     0.002155
19980615    -0.034409
19980616    -0.020045
19980617     0.009091
19980618    -0.019707
19980619    -0.024698
19980622     0.018846
19980623     0.033526
19980624     0.002237
19980625     0.003906
19980626     0.005003
19980629     0.009956
19980630     0.006024
19980701     0.016875
19980702    -0.013383
19980706    -0.013022
19980707     0.001649
19980708     0.009879
19980709     0.017935
19980710     0.012280
19980713     0.007384
19980714     0.002094
19980715    -0.021944
19980716     0.011752
19980717     0.015312
19980720     0.015081
19980721     0.050205
19980722    -0.005366
19980723    -0.027955
19980724     0.003027
19980727     0.010060
19980728    -0.000498
19980729     0.018435
19980730     0.044031
19980731    -0.006560
19980803     0.001887
19980804    -0.044727
19980805     0.015278
19980806     0.009476
19980807    -0.004817
19980810     0.005808
19980811    -0.010587
19980812    -0.003891
19980813    -0.014160
19980814    -0.006439
19980817    -0.001994
19980818     0.029970
19980819     0.008244
19980820    -0.014430
19980821    -0.001464
19980824     0.005376
19980825    -0.000972
19980826     0.018978
19980827    -0.042980
19980828    -0.021457
19980831    -0.081081
19980901     0.047170
19980902     0.021728
19980903     0.010373
19980904    -0.019507
19980908     0.054974
19980909    -0.019355
19980910    -0.008097
19980911     0.033163
19980914     0.020247
19980915     0.006776
19980916     0.003846
19980917    -0.028736
19980918    -0.016272
19980921     0.028070
19980922    -0.003413
19980923     0.033757
19980924    -0.011358
19980925     0.022499
19980928     0.000936
19980929    -0.016370
19980930    -0.022349
19981001    -0.024319
19981002    -0.004487
19981005    -0.036555
19981006    -0.008316
19981007     0.012579
19981008     0.022774
19981009     0.030870
19981012     0.027982
19981013    -0.020535
19981014     0.018040
19981015     0.045977
19981016    -0.004121
19981019     0.025287
19981020    -0.010762
19981021     0.034905
19981022    -0.006132
19981023    -0.001763
19981026     0.010596
19981027     0.009174
19981028     0.012554
19981029     0.017529
19981030    -0.001681
19981102    -0.000842
19981103    -0.006740
19981104     0.003393
19981105     0.007608
19981106     0.007768
19981109     0.009587
19981110     0.030553
19981111     0.007212
19981112     0.004773
19981113    -0.002771
19981116     0.012306
19981117    -0.008627
19981118     0.006329
19981119    -0.002752
19981120     0.009854
19981123     0.040203
19981124    -0.007880
19981125     0.009077
19981127     0.019490
19981130    -0.028676
19981201     0.028766
19981202    -0.014349
19981203    -0.023516
19981204     0.004587
19981207     0.017884
19981208     0.005981
19981209     0.007432
19981210    -0.026190
19981211     0.018182
19981214    -0.030506
19981215     0.013047
19981216    -0.003788
19981217     0.010266
19981218     0.033120
19981221     0.028051
19981222     0.033310
19981223     0.015089
19981224     0.015878
19981228     0.006984
19981229    -0.011229
19981230    -0.002004
19981231    -0.012718
