   sp       csco    intc
  -1.148  -2.539   0.000
  -1.400  -4.082   0.000
  -0.283  -3.021   0.647
  -1.747  -2.485  -0.973
  -0.171   3.705  -0.982
  -1.089  -0.608   0.982
   0.971   1.213   0.972
   0.222  -1.212   2.548
  -0.873   1.213  -0.631
   0.396   7.260   2.191
   0.775   4.652   4.243
   3.664   4.701  -0.297
   1.291   1.519   4.083
  -0.353   5.855   2.817
  -0.834  -2.156  -2.817
   0.577  -1.218   0.286
   1.375  -0.491  -0.285
   0.385   5.743   0.569
  -0.012   3.204   0.000
  -0.057  -0.905   1.130
   1.498   4.010   0.560
   0.882   2.160   2.210
  -0.256  -0.428   2.695
   1.530  -0.862   0.000
   0.835   0.862   2.106
   1.920   0.854   4.083
  -0.434  -3.243  -1.511
   0.791   3.668  -1.793
   2.536  -2.359   2.299
  -0.839   2.781  -2.817
   0.958   1.674  -0.260
  -1.309  -2.948  -1.575
   1.320   0.000   3.126
   0.089  -0.859   2.532
  -1.157  -0.432  -0.501
  -0.047  -1.308  -0.504
   0.186  -0.440   0.504
   0.439   0.000   0.502
  -1.219  -2.228  -1.005
   1.350  -2.972  -0.506
  -0.182   3.868  -3.093
   0.922   1.770   0.000
  -0.308   1.307   0.523
   1.981   3.404   6.795
  -0.146  -4.712   0.243
  -0.069  -4.027   0.484
  -0.256   1.361  -0.484
  -0.532  -4.610 -11.839
  -0.789  -6.832  -1.099
   1.219   5.407   5.116
  -0.286  -5.407  -0.262
   0.024  -3.077  -0.527
  -0.397   6.062  -0.530
  -1.495   1.942  -3.794
   0.362   9.180   1.916
  -0.365  -7.276  -3.587
   0.245  -2.871  -1.699
   0.637  -4.467   0.853
   1.734   1.512   6.313
  -0.253   5.827   1.058
  -0.035  -8.359  -1.592
  -1.050  -9.122   1.591
   2.184  15.576   2.083
  -0.148   0.957   1.026
   0.219  -2.899   0.509
  -1.168  -1.482  -2.051
   0.875   3.424   0.517
  -1.356  -1.942  -3.943
  -0.110  -0.491   1.860
   1.193   7.129   9.052
   0.731   4.485   4.236
   0.207  -2.667  -0.230
   1.673   6.959   0.691
   0.727   8.841   0.458
  -0.511  -0.772  -2.309
  -1.103  -3.150  -1.175
  -0.849  -2.429   0.706
   0.212   1.626   0.702
   0.262   3.953   2.532
  -0.921  -3.150  -3.704
  -0.061  -2.429  -1.665
  -1.424  -5.909  -3.415
   0.451   3.419  -2.258
   1.308   0.836  -1.535
   0.060   2.469  -0.516
   0.074   0.000   0.517
  -0.189   2.410   2.041
  -0.729   0.000   1.504
   0.315  -0.797   2.458
   1.245   1.587   5.662
  -1.979  -3.201  -2.791
   0.271   3.200  -0.473
  -1.374  -3.607   0.944
  -0.824  -8.072  -7.809
   0.977   2.620  -1.535
   0.054  -1.739   0.000
  -0.030  -0.881   0.000
   0.821   3.479  -3.142
   0.224   4.185   3.141
  -0.325   1.626   4.041
   0.670   2.390   0.985
   1.172   4.616   4.317
   0.222  -3.054  -1.896
   1.084   1.156   1.896
   0.739  -1.156   4.588
  -0.455   0.772   4.815
  -0.083   1.526  -1.290
  -0.686   0.755  -7.178
  -0.380  -1.134  -0.466
  -1.101  -0.381  -2.364
  -0.227   0.000  -3.406
   0.653   1.515   1.474
  -1.161  -2.282  -3.728
   0.260   2.282  -1.274
   1.226   2.231  -1.031
  -0.567   4.317   2.558
  -0.406  -1.418  -2.041
  -0.929  -2.899  -2.084
   0.088  -0.369  -0.792
   0.619  -1.862  -0.265
  -1.819  -6.203  -7.166
  -0.078  -1.613   0.569
   0.253  -0.816   4.445
   0.753   1.626  -0.818
  -0.869  -1.626   1.900
   1.805   5.579  -2.174
  -0.119  -1.562  -5.942
  -1.103   0.784   0.000
   0.201  -0.784   0.000
   1.027   2.719   2.873
  -0.485   4.495   2.518
  -0.098   0.365   3.261
   0.327   0.000  -2.710
   0.866   2.166   2.174
   0.561   0.000   0.537
  -0.223   0.711  -2.162
  -0.094   1.408  -3.334
   1.093   1.389   3.334
  -0.299   3.390   3.226
  -0.349   0.000  -2.682
  -0.908  -2.703  -3.315
  -0.206  -2.778   0.560
   0.611   1.050   2.210
  -0.008   2.069  -1.099
   0.581   3.685   0.550
   0.920   1.955   0.821
   0.289   1.282   2.422
  -0.178   0.317   5.435
   0.015   3.432  -0.759
  -0.549   1.220  -1.020
   1.434  -1.219   4.021
  -0.015  -2.485  -0.990
  -0.318  -2.226  -3.030
  -0.567   0.321  -1.290
   0.232   3.155   1.802
   0.411   3.059   1.519
   0.072   3.550   1.000
  -0.146  -3.550  -1.756
  -0.968   2.968  -3.346
  -2.391  -2.367  -1.318
   0.783  -0.902   1.317
   2.899   6.718   5.599
   0.189   1.958  -0.995
   0.723   1.375   0.499
  -0.081   0.000   0.497
  -0.201  -0.547   3.884
   0.907   1.093  -1.439
  -0.043  -0.544  -0.971
  -0.263  -0.823  -3.475
  -0.833  -1.387  -2.041
  -0.557  -3.990  -0.516
  -0.213  -1.759  -1.566
  -0.010   0.000   0.000
  -0.136   3.202  -1.059
  -1.037  -0.287   1.583
   0.138   1.142   2.072
   0.583   2.248   2.030
  -0.973  -2.247 -14.581
   0.569  -2.299  -3.550
  -0.073   0.000  -1.212
   0.373   2.299   1.812
   0.160   1.691  -0.902
   0.093   0.835   2.093
  -0.517  -0.277  -3.004
   0.463  -0.278   1.812
  -0.214  -3.688   0.299
  -0.101  -7.188   1.482
  -0.153  -0.623  -0.590
   0.507   2.469   0.000
   0.345   3.003  -2.699
  -0.242  -2.395  -2.774
  -0.981  -2.454  -1.258
  -0.844   2.454   1.258
  -0.457   0.905   0.000
   0.308   0.300  -3.498
  -1.022  -6.175  -0.325
   0.990  -0.960   8.701
   0.236   4.404  -0.298
   1.307   4.512   2.068
   1.168   2.899   3.449
   0.457   2.817   2.510
  -0.224   0.000  -3.933
   0.148  -0.278   0.856
  -0.634  -1.403  -2.299
  -0.563   2.235   0.291
   0.028   0.550  -0.874
  -0.743  -3.069  -0.587
  -0.226  -1.426   0.000
   1.375   3.944   0.586
   0.502   0.276   2.312
   0.377   4.577   0.000
  -0.127   2.598  -7.411
  -0.291  -3.125   3.031
  -0.266   0.265  -2.112
  -0.403   2.347   2.410
   0.324   0.514  -0.597
   0.957   6.933   2.950
  -0.211   1.896   0.579
   0.058  -0.943  -0.580
   0.917   1.178   0.579
   0.169   2.543   0.000
  -0.065  -0.917   0.000
  -3.727  -5.689  -5.342
   0.682   0.971   1.812
  -1.522  -2.942   0.000
  -0.235  -1.000  -1.205
   0.403   1.000   0.000
  -1.037  -2.010  -0.608
  -0.213  -1.020  -1.846
   0.696   0.766   1.846
  -0.374   0.760   0.305
  -0.354   0.000  -0.304
   1.634   4.445   2.112
  -0.115   2.386  -0.900
  -0.234   3.705  -0.301
  -0.708  -1.835  -0.302
   0.452  -0.696   1.205
  -0.222   1.619   1.191
  -0.095  -0.921   1.759
  -0.053   0.000  -0.876
   1.014   0.922   2.032
   0.762   0.686   1.709
  -0.003   2.029   1.681
  -0.443   0.000  -1.117
   0.188   1.551   0.839
  -0.251  -1.550  -5.437
   1.175  -1.802   0.000
   2.496   2.690   3.468
   0.631   4.752   2.801
   1.370   7.320   4.852
   0.399   0.781   0.000
   2.113   4.191   2.598
   0.469  -1.125   0.512
   0.041  -0.758   2.519
   0.497   1.883  -0.499
  -0.330   0.372  -1.511
  -0.134   4.008   4.468
   0.168   4.538   1.446
  -0.117   0.511   2.364
  -0.603  -1.886  -1.412
  -0.183   1.033   1.412
   1.461  -0.343   1.852
   0.078   2.712   2.715
  -0.610   1.494   8.553
   0.155  -1.160   2.429
  -0.599  -6.542  -1.613
  -0.898  -4.736  -3.306
   1.322   7.889   2.899
  -0.761   1.709   1.015
   0.125   0.338   0.805
  -0.118   0.674  -1.616
  -0.007   0.168   2.017
  -1.120  -2.202  -3.452
   0.314   2.034   0.207
  -0.692   0.835  -1.245
   0.181   4.871  -0.209
   1.049   2.039   4.700
  -0.002   2.907   0.200
  -0.005   1.645  -0.600
  -0.662   1.473   3.350
   0.650  -1.770   1.156
  -0.002  -1.197   0.382
   0.811   2.968   3.746
  -0.828  -0.292   0.732
  -0.293  -1.180  -2.027
  -1.244  -2.251  -3.990
   0.216  -0.762  -1.170
   1.372   2.268   3.468
  -0.591  -2.574   2.617
   0.197  -1.857  -3.569
  -0.442  -0.784  -2.517
   1.187   4.616   2.708
  -0.359  -0.755  -1.539
  -0.281  -1.219  -1.562
  -0.061  -0.615   3.482
   0.097  -0.619  -1.340
  -0.856  -0.623  -1.749
  -0.691  -1.258  -0.393
  -0.511  -1.274  -1.989
   0.190   0.957   0.000
   0.414   2.198   3.550
  -0.705  -2.198  -3.150
  -0.035   0.475   2.372
   0.482   0.158   0.000
   0.135  -0.158   2.125
   0.782   3.873   0.572
  -0.105   1.808   1.322
   0.159  -1.050  -1.512
   0.365   0.000  -0.957
  -0.339  -2.288  -2.729
  -0.252   1.227  -3.213
  -0.333   4.179  -1.646
   0.083  -1.177  -2.522
  -1.075  -8.004  -6.142
  -0.124   0.000  -3.687
   0.171   1.274   3.687
   0.134   2.500   0.901
  -0.927  -1.555  -0.901
   0.262   0.313  -0.909
   1.001   3.077   5.551
  -1.874  -7.551  -2.848
  -0.898   0.000   2.198
   1.544   4.160  -0.436
   0.907  -6.141 -11.316
   0.442   1.324  -2.475
   1.542   4.502   4.652
   0.939   0.000   2.364
  -0.055  -2.871  -2.364
  -1.426  -3.625  -2.421
   0.024  -2.722  -0.985
  -0.110   2.722   3.406
   0.436  -2.377  -0.479
  -0.629   0.343  -0.482
  -0.139  -2.778  -1.460
   0.161  -3.950  -0.491
   0.709   3.950   2.673
   0.709   2.778   2.604
  -0.585   1.022  -1.650
   1.056   2.345  -0.238
  -0.017   2.936   3.509
  -0.012   0.000  -1.156
  -0.226  -1.621   0.000
   0.048   1.299  -0.700
   0.585   2.233  -0.469
  -0.527  -0.951  -2.865
   0.038  -2.581  -0.729
  -0.798   5.097  -4.489
  -0.741   1.541  -1.543
   0.661   2.118  -2.095
   0.859   0.597  -0.530
  -0.236   0.593   1.845
  -0.674  -1.791  -0.786
   0.344  -0.604   2.083
  -0.632  -0.608  -1.558
   0.185   0.000   3.599
   1.103   3.594   2.000
  -0.334   7.369  -0.995
   0.468   5.837   1.980
  -0.915  -2.611   0.245
   0.263  -1.064   0.730
  -0.321   0.534  -2.457
   0.053  -1.609  -0.499
  -0.029   0.540   1.242
  -0.802  -1.081   0.493
  -0.688  -0.544  -1.485
   0.441   1.087  -0.249
   0.173   1.609  -1.005
   0.129   0.266  -2.041
  -0.481  -2.145   0.000
  -1.495  -4.150  -1.558
  -0.324  -2.866   6.584
   0.674   2.299   3.373
  -0.067  -0.570   2.342
   0.159   3.922   1.835
  -0.052   0.821  -0.456
  -0.176  -1.649  -0.687
   0.082  -0.556   1.596
   1.352   5.157   4.426
  -0.196  -0.530  -1.308
   1.155   3.655   1.739
  -0.269  -2.072  -3.733
   0.501   1.559   1.993
  -1.137  -6.111  -1.547
   0.273   0.274   1.547
   0.956   2.695   0.873
   0.097  -0.801  -1.754
   0.060   0.801   0.441
   0.675   3.141   2.609
  -0.139   2.293   0.000
   0.105   0.252  -0.430
  -0.461  -1.010  -3.509
  -0.451   1.010  -0.447
   0.002   1.990   1.336
  -0.686  -3.509  -2.237
   0.280   2.519   3.991
  -0.117   2.941   1.296
  -0.015  -1.951  -2.609
   1.443   2.433   4.311
   1.122   0.957  -0.848
   0.400   0.238   0.425
   0.068   1.415   1.263
   0.207  -0.234   1.865
  -0.172   0.000  -0.412
  -0.513  -2.375  -2.084
  -0.380  -3.673  -1.485
  -0.407   0.000   0.214
   0.129   1.975   0.849
  -0.124   0.730  -0.211
  -0.268  -2.457  -2.142
  -0.012  -1.252   1.291
   0.521  -1.267   1.905
   0.198   0.000  -1.905
   0.142   0.000  -1.290
  -0.753   0.000  -3.077
   0.019   0.000   1.989
  -0.819  -3.636  -1.100
  -1.000  -4.879  -2.464
   0.216   3.547   2.020
   0.461   0.801   1.324
   0.005  -1.070   1.307
   0.316  -0.269   0.000
  -0.195   1.072   0.432
   0.491   2.891   1.921
   0.458   3.563   2.711
   0.000   0.499   2.439
  -0.216   0.000  -1.619
  -0.635   0.249  -0.409
   0.462   3.175   3.226
   0.859   2.844   1.965
  -0.088  -0.234  -0.390
   1.347   2.086   2.317
  -1.302  -2.321  -2.708
   0.036  -1.418   0.000
   0.002   1.887   1.169
   0.712   1.852   1.156
  -0.187   2.268  -0.577
  -1.191  -1.354  -0.968
   0.072  -1.373   3.629
   0.246   2.503  -0.942
  -0.989  -4.364  -1.912
   0.546  -3.341   0.769
   0.043   2.871   0.382
   0.240  -0.236   0.381
  -0.362   0.706  -3.089
  -1.408  -3.828  -1.980
  -0.709  -0.244   1.784
  -0.096   2.653   2.904
  -0.722   0.947   0.381
   0.862   3.020   0.757
  -1.256  -1.151   0.376
   1.180   1.379  -0.944
   0.455   0.228  -1.916
   0.017   0.228  -2.348
   0.056   0.905   1.376
   0.519   2.447  -1.179
   0.786   1.526   4.066
   0.120   0.432   1.319
   0.046   0.645   3.315
  -0.185   1.277  -1.829
  -0.193  -1.063  -0.927
   0.976   1.695   2.173
   0.079  -1.695  -1.842
   0.391   2.532   0.000
   0.174   1.653  -1.121
  -0.519  -1.653   1.493
   0.967   2.062   0.369
  -0.672   0.000  -0.741
  -0.671   0.407   0.556
   0.294   4.375   3.452
  -0.182   2.308  -1.439
   0.242   0.947   0.361
   0.007   5.317   0.899
   0.852   0.711   0.713
   0.159   1.233  -1.612
  -0.104  -1.234   1.077
  -0.415  -1.249  -1.802
  -0.336  -1.629  -1.466
   0.850   3.585   2.550
   0.180   1.398   0.359
   0.715   2.740   1.069
  -0.359  -1.360  -1.070
   0.579   3.698   0.714
   0.374  -1.329   0.355
   0.226   0.000   0.706
   0.276   0.000   0.702
  -0.132  -0.840   2.076
  -0.207  -2.216   0.341
   0.005   1.370   5.317
   0.499   1.352   1.923
   0.749   0.669   0.316
   0.385  -1.005  -0.954
  -0.307  -0.675   1.584
  -0.232  -0.680   1.250
  -0.210  -2.069  -2.040
  -0.205  -1.050  -1.115
  -0.062  -1.062  -0.804
  -0.243  -1.074   7.618
   0.902   4.054   3.530
   1.335   0.860  -1.163
  -0.131   0.000   5.129
  -0.089   0.341  -1.399
  -0.291   1.356   1.398
   0.168   1.338   0.000
  -0.141   6.121   0.416
  -0.267  -3.175  -1.533
   0.192   1.442  -1.130
  -0.711   0.000  -1.143
  -0.076  -0.798  -0.577
  -0.239   2.688   5.071
   0.041   2.465   8.046
  -0.876  -2.622   1.009
  -0.391   1.551  -0.882
   0.442   2.432   3.605
   0.021   0.748  -0.367
   0.461   2.648   7.665
   0.670   3.844   2.356
   0.277  -2.977  -0.891
  -0.071   2.557   4.270
  -0.392  -0.987  -1.621
  -0.405   0.565  -1.869
   0.488   4.138  -0.557
   0.142  -0.406  -0.447
   0.890   1.214   1.115
  -0.014  -1.486   1.518
  -0.419  -2.899  -1.542
   0.125  -1.838  -3.272
   0.027   0.994  -2.086
   0.849   2.510   4.129
   0.009   2.045   0.000
   1.043  -0.406  -2.158
   0.526  -0.954   0.343
  -0.140  -2.915  -2.198
  -0.241  -0.849  -0.704
  -0.564  -2.590   4.039
   0.202   2.590   3.556
   0.320  -0.570  -1.873
  -0.690  -1.294  -1.232
  -2.429  -5.504  -4.727
  -0.141   0.306   2.449
  -0.324   4.472   1.373
   0.536  -0.879   4.770
   0.235  -3.288  -0.761
  -0.101  -1.686  -1.098
   1.386   5.269   3.897
   0.333   1.745   0.212
   0.235   1.004  -1.279
  -0.309  -2.163  -1.079
   1.324   3.298   3.622
   0.303   2.094   0.314
  -0.428   1.916  -1.048
  -0.275  -0.271  -2.454
   1.909  -1.643   2.769
  -0.068   0.962  -0.844
   0.424   0.818  -0.745
  -0.574   2.015  -0.213
  -0.861   0.266   0.640
   0.355   1.579   0.846
  -0.013  -0.786   0.944
  -0.680  -2.938  -4.265
   0.795  -1.364   0.867
  -0.379  -1.802  -1.743
  -0.289  -3.849  -0.661
  -0.027  -2.950  -0.443
  -0.154  -0.601   1.544
   0.625   8.097   0.980
  -0.690   0.554  -1.089
   0.665  -2.801   0.110
   0.266  -0.570   1.088
  -0.066   2.260  -0.434
  -0.304  -1.123  -3.090
  -2.003  -4.329  -3.653
   0.208   1.173   2.413
  -0.256   0.292   1.241
   0.355   3.989   2.217
  -0.201  -2.546  -0.881
   1.467   0.287   3.905
   0.189   3.647  -4.238
  -0.125   0.823   0.111
  -0.058  -1.099  -1.003
   0.120  -1.671  -1.467
  -0.330  -3.429 -11.806
  -0.529  -2.950   3.271
  -0.331   3.530   1.718
  -0.944  -0.580  -6.795
  -0.555  -1.464  -3.444
  -0.341  -4.218  -5.855
   0.565  -0.617   5.158
   0.002   5.423   2.681
   0.221   2.605   1.314
   0.273  -5.884  -0.655
   0.514   4.734   1.952
   0.359   3.130   4.411
   0.106   3.034   0.123
  -0.284  -1.643  -0.246
  -0.215   7.450   0.738
   0.111   1.526   0.489
   0.352   0.504  -2.971
   0.099  -1.519  -1.519
  -1.260  -0.768  -0.128
   0.075   3.038  -0.384
   0.184   3.912   1.526
  -0.011   2.135   2.248
   1.633   3.913   3.160
  -1.572  -1.363  -0.239
   1.185  -1.151  -0.722
   0.483   0.462   0.242
   0.190  -1.392   0.000
   1.017   5.012   6.303
  -0.227  -2.247   2.016
  -0.492  -1.835  -1.677
   0.805  -2.342   4.086
   0.004   0.237  -0.651
  -0.300   2.567  -0.766
  -0.538  -3.996  -0.993
  -0.528  -2.182   3.057
  -0.668  -0.985  -2.615
   0.240   0.740  -1.334
  -0.090   1.705  -2.262
   0.421   1.914   3.374
   0.101   2.342   1.100
  -0.322   0.000   1.088
   0.260  -1.164  -2.189
   0.248  -0.469  -0.666
  -1.089  -3.107  -1.345
   0.571  -1.221   2.453
  -0.065  -0.246  -2.228
  -0.616  -0.494  -0.905
   0.771   1.718  -2.299
   0.219   3.819   1.615
   0.945   5.246   2.486
  -0.257  -1.117   0.889
  -0.036  -1.586  -2.691
  -0.336   1.361  -1.835
  -0.711   0.000  -0.231
  -0.994  -1.360  -1.167
   0.317  -3.248  -1.181
   1.299   1.172   3.959
  -0.109   2.076   2.257
   0.190   0.909  -0.672
  -0.198   1.572  -2.043
   0.443   0.223  -2.086
  -0.191  -7.376  -1.178
  -0.775  -4.401  -4.359
   0.063  -1.005   0.740
   0.287   5.407   2.187
  -0.029  -1.933  -1.697
  -0.599  -0.981  -2.225
   0.581   4.102   3.440
   0.444   4.846   2.246
  -0.189  -5.082   0.236
  -0.234   1.645   1.172
   0.680  -1.173  -1.173
  -0.470  -2.146  -1.425
   0.450   1.198   0.715
  -0.196   1.887   0.710
  -0.163   1.623   3.705
  -0.091   1.370   1.355
   0.123   2.905   2.655
   0.454   3.463   0.869
  -0.282   0.000  -1.527
   0.224  -2.151   3.244
  -0.334  -0.874   0.213
   0.262  -7.040   1.475
   0.496   3.468   7.456
   0.166   4.010   0.966
   0.640  -0.877   0.766
   0.085  -3.588  -2.317
  -0.059  -3.013  -0.392
  -0.204   1.634   0.781
   0.992   2.062  -1.174
   0.078  -3.931  -1.588
   0.198  -5.080   1.390
  -0.109   4.370   0.393
   0.295  -5.618   0.587
   0.359  -4.103   0.390
  -0.088   1.042  -1.174
  -0.400   1.031  -0.790
   0.009  -2.862  -0.398
  -0.613  -8.821  -1.202
  -0.409   0.861   1.600
   0.186   6.364   2.740
   0.918  -4.104   1.151
   0.074  -6.939  -1.152
  -0.469   1.191  -2.344
   0.369   2.339   2.537
  -0.471   5.619  -1.358
  -0.131   0.000   0.390
  -0.827  -2.770   1.353
  -0.463   1.118   0.192
   0.715   4.879   3.019
   0.337   0.000   1.659
  -0.024   2.612   0.547
   0.907   4.781   2.336
  -0.059   2.187   3.319
  -0.308  -0.967   0.685
  -0.257  -2.956  -3.473
   0.513  -1.258   3.130
   0.011   0.253  -0.343
  -0.030  -3.338  -3.853
  -0.100  -3.723  -1.077
  -0.339  -2.469  -0.725
   0.246   5.407   2.159
   0.124  -3.209  -7.001
   0.052  10.073  -0.766
   0.080  -1.237  -2.335
   1.150  -1.504   1.950
   0.570  -1.015   0.000
  -0.224  -2.846  -2.740
  -0.479  -0.262  -1.197
  -0.030  -2.127   0.800
  -0.152   4.726   2.751
  -0.450   1.526  -0.389
   0.200   0.504  -1.174
   0.021  -0.504   0.471
   0.067   2.000   1.169
   0.669  -1.496  -1.562
   0.021   2.970  -0.395
   0.271   4.296   0.000
  -0.141  -1.175  -0.794
  -1.164  -3.610  -3.034
  -1.201  -2.482  -3.128
   0.454   7.267   2.923
   0.139   1.161  -1.243
   0.026  -0.231   1.653
   0.734   0.692   4.016
  -0.233   2.498   0.393
   0.593   0.000  -1.581
  -0.353   2.217  -4.481
   0.643   0.219   0.830
  -0.414  -2.436  -2.723
  -0.256   0.671  -1.714
  -0.220   1.547  -1.743
  -0.753  -2.217   1.093
   0.413   1.778   2.363
   0.288   1.313   1.893
   0.151  -0.217   0.416
  -0.251  -2.649  -0.624
  -0.024   0.669   2.678
   0.022   2.415   2.013
   0.264   2.992   0.397
   0.384   3.109   0.791
   0.331   0.813  -6.506
   0.071   0.404  -0.210
  -0.101  -2.449   0.211
  -0.454  -1.457  -2.553
  -0.054   0.210  -3.063
   0.381   0.209   2.198
  -0.569  -1.049   0.000
  -0.264   0.211   2.151
   0.324   1.255   0.000
   0.654   0.622  -1.285
  -0.114   2.045   0.858
  -0.118  -1.222   1.695
   0.433  -0.411   3.712
   0.013   2.238   0.605
   0.674  -0.201   1.200
   0.085   1.600   1.773
  -0.076   0.791  -1.376
  -0.413   3.482  -0.198
  -0.468  -1.726  -1.600
  -0.217  -0.582  -1.217
   0.311   1.160   4.001
   0.141   2.282   0.781
  -0.092  -0.755  -0.390
   0.593   0.943   2.888
   1.136   2.775   1.694
  -0.240  -0.733  -0.374
   0.008   0.000   2.405
  -0.359  -1.109  -0.550
   0.515   2.569   0.732
  -0.340   0.542  -3.340
   0.200   1.963   1.498
   0.010  -2.143  -7.325
   0.143  -0.907   1.980
  -0.055   2.162   2.134
  -0.581   0.178   0.574
  -0.223  -2.523  -0.575
   0.483  -0.366  -2.251
   0.810   0.547   0.977
   0.345   2.695   1.353
   0.606   2.798   0.192
  -0.414  -1.389  -0.963
   0.495   2.076   0.962
  -0.268   2.369  -3.113
  -2.294  -4.096  -2.401
   0.414   1.040   0.404
  -0.149   2.048   2.390
   0.362   0.337   0.589
  -0.816  -3.077  -1.181
   0.266   3.246   0.985
   0.011   0.503   0.196
   0.486  -1.347   1.746
   0.057  -0.851   3.031
  -0.520   0.341  -0.749
  -0.565  -0.512   0.375
   0.803   1.361   2.952
  -0.163  -1.360  -0.182
  -1.376  -1.727  -1.283
   0.389   1.898   0.735
   0.229   0.851   0.730
  -0.580   0.507  -2.952
   0.080   1.507  -0.187
  -0.388   1.973   2.043
   0.373   2.890   2.362
   0.466   1.726   2.307
  -0.221  -0.468  -0.704
   0.253   0.934   1.229
  -0.679  -0.933  -2.116
   0.546  -0.313  -2.162
   0.203   0.313   1.984
  -0.081  -1.575   1.770
   0.515   0.159   0.873
   0.315   0.789   0.521
   0.034  -0.631  -0.347
  -0.536  -1.917   0.346
   0.055  -2.615  -0.347
  -0.056  -1.334  -0.696
  -0.898  -7.670  -1.763
  -0.815  -4.445  -0.715
  -0.126   0.000  -1.626
  -1.648  -3.077  -3.522
  -1.543   1.551   0.000
   0.049   5.245   1.869
  -1.549  -3.340  -0.371
   2.112   5.506   2.205
  -0.054   1.770   1.265
   0.630   0.000   1.426
  -0.842  -2.487  -1.786
   0.618  -4.037  -0.270
  -0.513  -7.583  -5.096
  -0.293  -3.494  -3.089
   0.027   1.247  -6.271
  -0.045   0.000  -0.209
  -0.837  -1.248  -2.114
   0.018  -1.263  -1.724
  -0.131  -1.710   0.000
   1.520   9.453   4.672
  -0.245  -1.980   0.207
   1.129   1.587   4.137
  -0.186   0.784   0.594
  -0.615  -2.322  -2.501
   0.402  -3.095  -1.120
   0.467   6.968  -0.823
   0.002  -3.523  -1.878
  -0.290  -2.012  -1.377
  -0.075   2.410   0.850
  -0.792   0.000   1.052
  -1.236  -4.879  -1.796
   0.831  -5.129   1.482
  -1.019   1.739   0.000
   0.511   0.000  -1.589
   0.088 -22.100  -0.321
   0.079  -3.279  -1.510
   1.092  -1.681   1.296
   0.957   7.613   1.173
   0.613   0.262   1.995
  -0.342  -2.914  -0.626
  -0.379   5.236  -0.419
   0.355   3.015   3.306
   0.336   1.961  -0.408
   0.158  -2.956  -1.232
   0.059   1.489   1.436
  -0.179  -2.494   1.816
   0.245   0.000   3.319
   0.004  -2.557  -0.169
   0.540   1.542  -2.353
  -0.272   2.020  -2.105
  -0.146  -4.082  -0.304
  -0.251  -5.900  -2.887
   0.175   1.916  -1.263
   0.177   1.879   1.654
   0.094  -2.696  -0.811
   0.710   8.130   2.899
  -0.381   0.252  -0.511
   0.286  -0.757  -0.721
  -0.756  -1.274  -0.829
  -0.665  -0.514  -1.893
  -0.898  -2.611  -1.497
   0.387  -0.530   2.763
  -0.767 -11.247  -2.118
  -1.531   5.218   0.000
   1.013   4.421   2.328
  -0.278  -0.542   0.834
   0.349   3.733  -1.463
  -0.753  -2.116  -1.485
   0.433   0.799   0.851
   0.038  -2.689  -2.142
  -0.054   0.272  -1.636
   0.503   1.617   1.853
   0.261  -2.162   2.137
  -0.332   3.754   1.651
  -0.025  -4.302   0.026
   0.174   5.349   2.667
   1.037 -19.490  -0.406
   0.165  -0.635  -3.306
   0.233   6.174  -1.482
  -0.299  -3.659  -2.811
  -0.499   0.311  -0.881
   0.223   1.536   3.452
   0.110   0.000  -1.047
   0.251  -1.846  -0.108
  -0.196  -1.881  -0.755
  -0.174  -0.635  -0.876
   0.368   1.266   1.853
   0.879   5.506   2.348
   0.600   4.367   0.631
  -0.098  -3.184  -0.210
   0.195  -0.590  -1.269
  -0.665  -1.190  -2.586
  -0.286   0.000   1.516
   0.175   3.530  -0.215
   0.007   1.435   2.132
   0.518  -1.435   0.840
  -0.309  -1.163   1.041
   0.667   0.000  -0.311
  -0.156   2.312   0.931
   0.816   2.817   1.328
   0.034   6.454   3.491
  -0.431  -2.105  -0.615
   0.110  -3.794   0.123
  -0.296   1.643   0.492
   0.475   2.151   0.781
   0.968   0.000  -0.097
  -0.203   2.106   1.450
   1.215   6.552   1.335
   0.167   2.410   0.189
   0.316  -0.477   1.314
  -0.124  -5.155  -1.884
  -0.491  -1.267  -2.307
  -0.462   0.509  -0.024
   0.185   0.758   1.569
  -0.185   4.193   1.709
   0.455   0.482   0.750
  -1.054  -2.187  -1.696
  -0.422  -1.986  -1.919
   0.281   2.720   1.156
   0.273   2.885   0.192
   1.274   2.342   2.456
  -0.765  -1.869  -0.187
  -0.072  -1.425   0.559
  -1.603  -1.689  -1.876
  -0.411  -3.465  -0.952
  -0.041   0.252  -1.347
  -0.348  -1.519  -1.957
   0.250  -0.511  -0.993
   0.267   0.000  -0.200
   0.596  -1.031  -1.613
  -0.557   6.032   0.203
   0.104   6.606  -0.203
  -0.210   0.456  -2.054
  -1.561  -3.468  -3.805
  -0.236  -1.183   1.285
  -0.256   3.048   0.318
   0.604   2.058   0.844
   0.862   0.451   1.668
   1.460   1.342   0.103
  -0.069  -3.621  -1.248
   0.497   1.373  -1.475
   0.280   0.454  -0.639
  -0.030  -2.288  -0.535
  -0.278  -0.464   0.107
   0.559   1.843   2.960
  -0.732   0.456   1.139
  -0.421  -0.913  -0.309
  -0.877   1.367  -1.667
   0.150   0.451  -0.949
   0.236   4.406   1.887
   0.698   3.390   0.830
   1.686   0.000   2.852
  -0.300   0.416  -0.201
  -0.835   1.646  -1.214
  -0.409   3.213   1.816
   0.300   1.957  -1.005
  -1.210  -2.353  -2.454
   0.169  -2.817  -0.415
   0.558   0.813   1.137
  -0.049   1.606   0.716
  -0.230  -2.419  -0.204
  -0.432   7.469  -0.821
   0.795   2.248   2.645
  -0.217  -1.681  -1.110
   0.127   2.051  -0.714
  -0.441  -1.113   1.623
  -0.454   2.031   2.876
  -0.691  -3.725   3.364
  -1.808  -7.280  -2.101
  -0.033   3.213   0.577
   0.523   2.344  -1.938
   0.413   1.342   2.130
   0.222   0.569   0.382
  -0.326  -2.299  -3.693
  -1.057   0.000  -0.795
   0.971   1.538   0.398
   0.007   0.760   1.968
  -0.049   0.755   0.583
  -0.416  -3.442   0.387
  -1.289  -3.969  -3.138
   0.341   3.579   0.000
   0.558   1.934  -3.858
   0.151  -1.156   0.207
   1.065  -1.562  -0.207
   0.083   5.179  -2.942
   0.755  -0.563   1.482
  -0.194  -0.566  -2.877
  -0.177  -0.569   5.776
   0.548   3.365   2.220
   0.015   2.541   0.795
   0.033   1.069  -0.297
   0.572   1.757   0.668
  -0.349  -2.469  -1.365
   0.067   0.356   2.956
  -0.413   0.000  -0.780
  -0.035  -2.888  -0.196
   0.348   0.730  -0.196
  -0.080  -0.730   0.783
   0.074   0.000   1.356
   0.033   2.174   1.526
   0.184   1.424   0.943
  -0.002   0.705  -0.565
  -0.007   0.000   1.312
   0.934   0.700   1.479
   0.729   2.069  -0.368
   0.143  -0.342  -1.297
  -0.072  -0.343   3.484
  -0.589  -1.733   1.874
  -0.466  -2.120  -2.689
   0.224  -0.179   2.246
   0.009   2.648   1.586
   0.339  -2.648  -0.878
   0.188  -3.088  -0.534
   0.441   0.000   0.796
  -0.401  -3.952  -1.418
   0.407   2.464  -0.897
  -0.004   2.588   1.786
   0.507   3.585   2.188
   1.232   0.351   1.802
   0.519   2.768   0.170
  -0.069   0.681  -0.853
   0.079  -1.022   4.847
  -0.208  -0.343   1.136
   0.264  -3.675  -0.161
   0.039  -2.344  -0.324
   0.187   0.727   1.767
   0.412   0.000   1.579
   0.140  -0.728   0.157
  -0.672  -1.471  -1.339
   0.155  -1.869   0.238
   0.486   2.423   0.788
   0.379   1.281  -1.982
   0.277  -2.206   0.558
  -0.885  -1.687  -0.239
   0.706   2.058   1.819
  -0.358  -2.436  -1.262
  -0.107   2.806   0.298
   0.060   1.465   3.595
   0.043  -0.365   0.457
  -0.725   0.364  -2.306
   0.211   2.159  -0.781
   0.004  -1.433   0.547
   1.318   0.360   0.389
   0.098  -1.998   1.081
   0.578   0.731   1.222
  -0.205   1.984  -0.609
   0.715   0.711  -0.535
   0.022  -0.891  -0.674
   0.125  -0.538   3.025
  -0.216  -0.361  -0.150
   0.121  -1.455   1.342
   0.056   1.815   1.178
   1.007   4.570   0.874
   0.444   4.370   1.584
   0.139   2.918   1.137
  -0.155  -4.911  -1.637
  -0.179  -1.351  -1.957
  -0.301   3.673  -0.588
   0.227   3.859   4.182
   0.673  -2.233  -2.213
   0.065   0.963   0.072
   0.101  -0.320  -1.308
   0.067   0.639   1.883
   0.116  -0.960   1.566
  -0.292   2.539   3.060
   0.324   0.469   0.547
   0.405  -0.156   3.481
  -0.611   1.242  -1.059
  -0.150  -2.817   0.331
  -0.089  -1.923  -1.066
   0.073   1.127  -0.336
   0.631  -0.160  -0.134
   0.862  -0.643   3.829
  -0.154   3.175   1.859
   0.109   1.858   1.389
   0.173  -3.115   0.999
   0.226   0.945   1.724
  -0.087  -1.262   1.575
   0.117   4.044   0.000
   1.086   5.919   3.193
   0.011  -2.031   2.301
  -0.081  -2.374  -1.145
   0.736   3.250   2.725
  -0.076   0.291  -0.337
   0.153  -0.290  -2.273
   0.002   1.729   0.459
   0.225   2.817  -0.516
   0.416   0.554  -0.288
   0.085   0.413   0.460
  -0.212  -0.138   1.707
  -1.431  -3.077   0.000
  -0.075   1.270   0.562
   0.855  -1.270   2.330
   0.939   7.917   2.169
   0.004  -1.588  -0.215
  -0.004  -0.267   1.069
  -0.939  -1.890  -1.393
  -0.013  -4.743  -4.750
   1.858   0.000   1.572
   0.017   2.678   2.203
  -0.184   0.416   1.513
   0.579   1.102  -0.646
  -0.009  -1.937  -2.959
  -0.453  -0.561   0.665
  -0.146   1.947   0.606
  -0.832   0.823  -0.938
   0.555   1.357  -1.059
   0.969   3.705  -0.505
   0.078  -0.391   1.342
   0.121   1.038   2.306
   0.503   0.899   0.865
   0.994   1.523   6.157
  -0.044   1.003   5.129
  -0.184  -2.270  -2.089
   1.295   3.262   2.664
  -0.247   2.439   0.381
  -1.020  -1.824  -0.957
  -0.313  -1.359  -3.722
   0.423  -1.756   0.795
  -0.158   3.483   1.083
   0.162  -1.106  -0.787
   0.429  -0.372   0.000
   0.031   3.355   0.689
   1.222   2.196   2.613
   0.429   3.687   4.208
   0.147  -0.681   2.910
  -0.433  -1.839  -1.999
   1.095   2.180   4.784
   0.020   3.458   1.885
  -0.198   1.523   2.515
   0.504  -0.433   1.234
  -0.760  -3.533  -4.259
  -1.348  -7.221 -11.566
   0.464  -0.849  -1.156
   0.014   3.706  -2.452
   0.542   3.687   6.627
   0.800   2.459   2.569
   0.091   1.968  -1.276
   0.641   1.504   0.913
  -0.406  -4.469  -2.332
  -0.155  -0.559  -3.217
  -0.432  -1.810  -2.729
  -0.150  -2.778  -2.806
  -0.009  -1.896   1.011
   0.034   3.757  -0.201
   0.195   2.503   2.390
   0.064   0.000   1.950
  -0.121   2.551   2.102
  -0.405   2.060  -2.877
  -0.421   0.428   2.876
   0.831   0.639   0.377
  -0.209  -0.212  -1.327
   0.250   5.586   1.890
  -0.166  -2.033  -1.699
   0.030   8.249  -1.150
  -0.197  -4.421  -7.396
   0.252   4.256   3.266
  -0.426   0.378   0.201
   0.057   0.376  -2.178
   0.472  -3.636  -1.081
  -0.188  -2.367  -2.942
   0.170   0.398   0.425
   0.164   2.163   2.516
   0.171   2.117   1.642
   0.348  -0.382  -0.818
   0.941   4.121   4.516
   0.176   1.998  -1.883
   0.021   1.073   3.922
   0.418   0.178   0.957
   0.215   1.935   0.000
   0.452  -0.524  -1.150
   0.391   0.175   0.000
   0.833   0.870  -1.847
  -0.045  -4.068  -2.484
  -0.099  -1.272   1.200
   0.245   5.339  -0.298
   0.439   0.000   0.000
  -0.645  -2.102  -2.499
  -0.218   0.706  -1.054
   0.014  -1.505  -0.829
  -0.069  -0.626  -0.522
  -0.064  -2.362  -0.630
   0.828   4.141   4.229
  -0.250  -2.682  -2.661
  -0.461  -4.445  -1.885
   0.107   2.985   1.156
  -0.150  -1.949  -1.899
   0.199   4.490   3.659
  -0.024  -3.929   1.831
  -0.710  -3.993  -3.071
  -0.147   0.869   2.464
   0.335   4.879   2.008
   0.626   4.038   1.382
   0.240  -0.795  -1.581
  -0.252  -1.789   0.596
   0.641   5.615   3.693
   0.112   3.356   3.377
   0.545   1.961   0.368
  -0.542  -1.139  -1.295
  -0.409  -1.318   0.557
   0.256   0.000   0.554
  -0.700  -1.336  -2.047
  -0.992   0.419  -0.094
   0.515   2.234   2.141
   0.611   4.324   2.782
  -0.300  -2.862   0.179
   0.467   3.487   1.333
   0.937   1.238   2.871
   0.144   3.625  -0.516
  -0.358  -0.670  -2.356
  -0.364  -0.374  -6.472
   0.915   0.747  -0.661
   0.262   3.077   4.540
  -0.091   1.433  -1.093
  -0.071  -2.886  -1.662
  -0.509  -5.260  -3.025
   0.789  -1.399  -0.578
   0.567   2.014  -2.939
   0.456  -1.857  -0.199
  -0.538  -0.942  -1.001
   0.566  -0.474   1.398
  -0.307  -4.043  -1.802
   0.262   3.884   1.802
   0.225  -0.957  -4.879
   0.849   7.411   6.062
   0.196   1.477  -1.183
  -0.374  -1.329  -3.431
   0.266  -2.558   0.205
   1.098   3.886   1.222
   0.650  -3.735  -0.609
   0.404  -2.856  -0.510
  -0.649  -0.550   0.713
   0.212   0.628   2.806
   0.330   0.000   0.394
  -0.119  -3.018  -1.989
   0.469  -0.485   0.600
  -0.770  -5.669  -4.282
  -0.094   1.532  -2.960
  -1.558  -4.315  -1.732
   0.840   9.899   5.315
  -0.984  -5.584  -1.250
   0.748   1.841  -0.210
   0.239   1.644  -0.844
   0.383   0.974   0.634
   0.037  -0.811  -0.846
  -0.067  -1.808  -3.017
   0.294  -1.000  -0.658
   0.776   2.318   3.251
   0.095  -4.007  -1.504
  -0.584  -3.820  -0.434
  -0.159   1.231   0.000
   0.282  -0.967   0.217
  -1.468  -7.990  -4.662
  -1.816   2.081  -1.604
   0.701   5.643   4.956
  -0.146   0.000  -0.441
  -0.331  -4.897  -5.911
   1.427   1.842   4.354
  -0.341   1.809 -10.636
   0.308   1.600   1.731
   0.588   6.652   0.732
   0.256   2.687   1.210
  -0.099   0.080   1.313
   1.163   3.625   3.840
  -0.474  -1.875  -0.228
   0.741   2.338   0.684
   0.417   0.000  -1.028
   0.946   1.377  -0.502
   0.927   1.209   2.029
   0.383   2.959   1.822
  -0.410  -1.469   0.885
   0.874   3.774   3.037
   0.761   1.974   1.695
   0.555  -0.912  -2.123
   0.940   0.211  -0.646
   0.046   2.637   0.216
   0.771  -1.379   0.403
  -0.142   0.278  -1.923
  -0.749  -1.958   1.520
  -0.652   0.493  -0.866
  -0.514   0.070   0.109
  -1.138   2.497   0.542
   1.156   3.368   2.137
   1.647   4.658   3.122
   0.033   0.378  -0.307
  -1.317   0.753  -0.722
  -0.496  -2.532  -0.207
  -0.385  -2.072   0.827
  -0.672  -0.525  -3.241
   0.613  -4.302  -4.789
   0.994  -3.069  -2.141
   0.762   6.313   0.907
  -0.580  -2.151  -3.913
   0.253  -1.093  -0.235
  -3.131  -3.353   0.704
   1.024   4.173   3.219
  -0.459  -1.096  -0.681
   0.229   1.639   2.252
   0.363  -0.408   0.000
   0.087   3.344   4.784
   1.734   2.340   1.056
  -0.147  -0.257  -1.269
  -0.263  -5.293  -5.691
  -0.122  -2.755   0.674
   0.220   0.000   0.446
  -0.089  -3.409  -2.224
   0.450  -0.726   2.224
  -0.624   4.553   0.887
   0.005   2.609  -0.443
  -0.532   0.541   0.883
   1.267   1.869   0.439
   0.234   1.314  -0.439
   0.095   2.067   1.310
  -0.003  -0.770   2.781
  -1.788  -4.480   2.294
  -0.319  -1.357   2.041
  -1.362   1.087  -0.202
  -0.367   2.930  -2.149
   0.872  -4.017  -1.353
   0.904  -3.192   1.560
   0.390   4.009   6.879
  -0.527  -0.543  -1.066
   0.311   0.544   2.405
   0.227   3.462  -0.763
   0.436  -1.849   3.759
   0.568   3.665   0.529
  -0.217   5.623   3.095
   0.414  -0.366  -0.894
   0.090   2.171  -0.540
   0.107  -0.719  -1.579
   0.001  -0.240  -0.552
   0.063   0.720   0.185
  -1.726  -3.903   0.184
  -0.272   0.743   1.006
  -0.128   1.470   0.091
  -0.399   1.689  -1.281
   1.015   0.952   1.281
   0.104   0.000  -0.182
   1.025   4.177   0.726
   1.434  -0.227   3.727
   0.616   2.252   1.556
  -0.027  -1.345  -0.688
  -0.086   0.899  -0.693
   0.609   0.224  -1.048
   0.632   0.445  -0.176
  -0.058  -2.020  -1.062
   0.838   1.128  -0.535
  -0.357   2.655   1.421
   0.371  -0.438   0.176
  -0.930  -1.994   2.091
  -0.642  -2.262  -1.564
   0.563  -0.459   0.175
  -0.385   0.688   5.443
  -0.215   1.810   1.479
   0.728   0.000  -0.409
   0.871   2.436   0.734
  -0.801  -2.661  -2.137
   0.042   0.448   0.000
  -0.171   0.224  -1.506
  -0.177   1.660   1.507
  -0.288  -0.110   1.973
  -0.168  -1.774  -2.306
  -0.310  -1.125  -2.703
  -0.104  -1.597  -1.379
  -0.467  -2.798  -2.283
  -0.015   0.942   1.411
   0.021  -1.892  -0.351
   0.713   4.663   0.350
   0.301  -1.608   3.082
  -0.055   0.692  -1.003
  -0.614  -1.856  -0.516
   0.624   2.771   1.879
   0.311   3.139  -0.594
   0.780   3.044   2.272
  -0.336   0.640  -0.500
  -0.180  -2.368   0.167
  -2.250  -2.426  -3.742
  -0.748   1.551   1.206
   0.338   1.093   0.513
   0.200   0.650  -0.683
  -1.596  -5.551  -4.742
   0.080   1.136   2.487
  -2.569  -6.530  -3.027
  -0.227  -0.241   1.258
   0.903   3.326   2.294
   1.486   0.699   1.215
  -0.753  -4.024   0.344
  -0.780  -2.198  -0.689
  -1.095  -7.165  -3.880
  -0.035   4.156  -0.722
   0.719   0.634   4.429
   0.747   3.844   2.903
  -0.788  -2.712  -1.869
   0.687   2.225   2.105
   0.736   1.215   1.003
   1.561   3.792   2.465
   1.900   3.877   2.248
  -0.342  -0.561  -0.797
   0.325   2.992   2.215
   0.268   0.218   3.063
  -0.237   2.156  -1.973
  -0.074  -0.427   1.992
   0.553   0.214  -0.303
  -0.840  -2.817  -2.309
   0.280  -0.441   1.852
   0.035   1.968   0.000
   0.441  -3.077  -0.921
   0.206   0.000  -0.309
  -0.134  -1.802  -1.560
  -0.093   2.248   0.939
   0.840   2.415   3.370
  -0.546  -1.311  -1.671
  -0.473  -3.125  -0.460
   0.379   0.000   0.308
  -0.239  -1.140  -0.307
  -1.121  -0.921   0.154
  -0.826  -2.342  -1.939
   0.418   1.878   2.246
   0.136   1.156   0.763
  -0.946  -4.707  -1.996
   0.956   2.851   0.772
   1.225   1.857   2.731
   0.007   0.000   0.968
   0.521   0.000   0.812
   0.575   3.279   0.440
   1.392   4.885   3.170
   0.504   1.263   0.565
  -0.152  -0.209   6.154
  -0.215   0.418   1.448
   0.224   0.209   1.428
   0.587   1.242   0.386
  -0.079  -0.103  -1.683
  -0.127  -0.309   0.780
   0.032   4.346   0.774
   0.004   0.297   0.129
   0.048  -0.594  -0.514
   0.166  -1.499  -1.495
   0.254   0.101   0.326
   0.713   2.778   3.338
  -0.177   1.167   0.504
   1.245   3.609   2.174
   0.273  -1.504   2.968
  -0.390  -2.688  -3.028
  -0.558   0.195  -0.741
  -0.306   0.966  -0.996
   0.867   1.147   5.361
   0.410  -0.763   2.113
  -0.138   0.953   3.200
   0.262  -0.762   1.341
   0.366  -1.931  -1.679
   0.540  -1.177  -0.679
  -0.137  -4.334  -2.066
  -0.463   0.923  -2.110
   0.099   2.618   3.607
  -0.707  -4.681  -1.729
  -0.195  -1.258  -1.997
  -0.524  -2.348   0.591
   0.606  -0.433  -1.545
  -0.086   0.864   2.296
   0.622   6.252   2.885
  -0.213  -2.661  -1.029
   0.420   0.620   1.483
   1.043   1.839   3.231
   1.453  -0.813   4.187
   0.421   5.170   2.697
   0.435   0.387   0.102
   0.144   2.667   1.320
  -0.316  -2.282  -2.348
   0.215   1.716  -1.248
   0.648  -1.332   0.314
   0.236  -0.769  -3.394
  -0.081  -2.147  -0.432
   0.695   2.532   4.554
   0.241   2.282   0.104
  -0.161  -0.755  -1.669
   0.802   2.432   3.003
   1.102  -0.371  -0.819
  -0.141  -0.186   1.835
  -0.127   1.109   2.296
   0.267  -0.184   0.197
  -0.061   1.099   0.197
  -1.100  -4.661  -0.988
  -0.426  -3.495   2.839
  -0.097   1.763  -0.970
  -0.644   0.966  -2.018
   1.364   4.144   3.470
  -0.297  -0.556  -0.771
  -0.915   0.924   5.829
  -1.555  -3.365   0.000
  -0.091  -1.533  -3.343
  -1.057  -2.147  -3.949
   0.699  -0.991   2.138
   0.755   1.972   4.328
   1.925   1.551   1.281
   0.416   0.000  -2.113
  -0.261  -0.967  -1.780
   0.549   0.966   2.427
   0.636   2.469   0.827
   0.128  -1.512  -0.919
  -0.389  -1.150  -1.582
  -1.754  -1.946  -1.750
  -0.505  -1.186  -0.431
   1.484   4.281   5.955
  -0.051   2.817   0.360
   0.744   1.105   3.189
  -0.642  -2.974  -0.788
   0.857   1.126   0.526
   0.614   2.396   1.044
   0.001   0.726   1.631
   1.224   4.248   0.170
  -0.216  -2.456  -3.545
   0.332   0.000   0.264
   0.831   3.147   1.178
   0.068   2.884   0.821
   0.772   0.167   1.917
   0.447  -1.599   2.707
  -1.109  -2.664  -0.247
  -0.910  -4.453  -0.827
  -0.716  -0.365  -0.249
   0.000   0.728   0.581
   0.973  -4.264   2.486
   1.499   2.248   3.414
   0.253   3.279   1.318
   0.072  -2.174   0.997
   0.321  -1.662   0.533
  -1.401  -6.740  -4.659
   0.240   1.777  -2.658
   1.199  -1.181   2.100
  -0.524  -8.468  -3.003
   0.528   4.323   0.000
   1.655   6.493   3.242
   1.121  -3.243   0.159
  -0.412   0.100  -1.605
   0.961   1.780   0.081
  -0.467   1.750  -0.486
  -1.200  -2.933  -2.634
  -0.128  -7.624  -2.363
   1.056   1.065   1.777
   0.216  -4.329  -0.084
  -0.785   2.835  -1.779
  -1.326  -5.413  -4.557
  -0.536   1.017   1.520
   0.566  -2.503   2.780
  -0.550   2.727   0.342
   1.386   1.998   2.113
  -0.429  -4.036  -2.798
   0.799  -6.134  -1.298
   1.073   3.819   0.867
  -0.284  -1.178  -0.606
  -0.876  -3.620  -0.785
  -1.845   2.187  -1.057
   0.456  -2.803  -2.418
   0.320  -2.884  -1.094
  -0.763   2.513   0.275
  -0.494  -0.747  -2.499
  -0.398   2.225  -0.094
   0.185  -3.736  -2.086
   0.862  -4.411   0.096
  -0.230   1.579   1.990
   0.181   8.983   5.387
  -2.125  -2.660  -1.073
  -2.189  -5.802   0.000
   0.332   0.518   0.135
  -1.262  -1.826  -1.674
   0.028   1.825   2.612
   1.005   5.039   3.064
   0.557   6.768   0.086
   0.522   1.707   1.018
  -0.723  -2.399  -3.018
  -0.298  -2.695  -3.578
  -2.766  -2.648  -5.043
   0.821   3.828   2.460
   1.467  -6.048  -2.077
   1.161  -5.379   2.264
  -0.231   4.125   2.941
   0.598  -2.299  -0.636
  -0.782  -2.220   0.908
   1.855   0.395   1.968
  -0.125   2.340   3.568
  -0.319  -0.645  -0.085
  -0.756  -4.093  -1.552
   0.987   0.270   1.723
   2.692   7.257   2.480
   0.914   3.440   2.062
  -0.351   3.092   0.407
   1.792   7.009   2.489
   2.108   2.798   3.046
  -0.305  -1.929  -2.808
  -1.477   1.717  -1.354
   0.567   4.371   1.827
   0.549   0.406   0.471
   1.550   2.108  -0.235
  -0.542  -0.898  -4.335
   0.349  -0.603   0.327
   0.696   1.203   3.376
  -1.451  -2.012  -1.915
   0.423  -0.919  -0.242
   1.002   5.488   3.960
  -0.275   2.114   0.928
  -0.441  -0.381  -0.694
   1.351   2.823   1.117
   0.316   2.020   3.684
  -0.295   0.454  -1.300
  -0.370  -3.405  -2.030
   0.496   1.487  -7.785
  -0.227   0.092  -1.162
  -0.104  -4.621  -3.223
  -0.637  -1.068  -1.739
   0.394   1.067   0.449
   1.714   0.290   1.978
   0.569   2.378   2.202
   0.273  -2.282  -2.760
   0.496  -2.040   1.580
   1.585   0.147  -2.641
   1.104   4.456   0.758
   0.070   1.303   1.712
   0.059   1.743   1.641
  -0.598  -2.578  -2.110
   0.995   2.941  -0.085
   0.079   0.542   0.213
  -2.260   0.629  -1.071
   1.997   1.245   1.918
  -0.823  -2.779  -0.891
  -0.599  -1.650  -2.066
   0.409  -1.678  -1.005
  -0.244   0.936  -0.308
   0.663   1.754  -1.958
   1.448   3.241   2.792
   1.416   1.407   1.346
  -0.516   3.180   1.668
   0.715   1.094   1.515
  -1.228   2.153   1.985
   0.685   0.000  -1.652
   0.317  -1.071   2.426
   0.185   1.397   2.369
   0.800   1.820   2.701
   1.163   1.708   8.829
  -0.533  -0.791  -0.638
  -1.766  -2.942  -1.578
  -0.258   0.449  -0.872
   2.278   2.890   3.512
   0.276   1.726   0.632
   0.396  -0.624   0.489
  -0.159  -0.235  -0.629
  -0.250  -2.945  -0.703
   0.622   2.394  -0.495
   1.056   0.315   1.442
   0.212   0.079   2.690
  -0.754   0.314   1.955
   0.333   2.246   3.283
   0.218   0.382   2.991
   0.831  -1.925   0.375
  -0.955  -1.963   0.994
  -1.873  -2.164  -3.269
   0.370  -2.212  -1.740
  -1.124  -1.587  -0.849
  -0.488   1.171   1.109
   0.298   2.465  -0.520
  -2.625  -2.966  -3.990
   1.288   1.741   2.612
   1.471  -0.412   3.475
   1.430   3.406   2.615
  -1.534  -1.203  -2.137
  -0.163  -0.892  -2.249
  -0.367   1.856  -2.101
  -0.779  -0.802  -1.606
   0.074  -0.566   1.472
  -1.104  -2.794  -1.810
  -0.466   0.499  -0.271
   3.077   2.458   3.139
   0.029   0.725  -1.324
   0.325  -0.483   0.862
  -0.196   1.124  -0.066
   0.231  -3.162   1.444
   0.260   0.165   1.871
  -1.575  -4.714  -2.329
  -0.703  -0.432  -0.262
   1.233   0.087  -1.056
  -0.449  -3.521  -2.348
   2.774   6.588   3.992
  -0.280  -0.337  -0.163
   0.454  -0.253  -0.557
   0.339  -1.103   0.328
   0.516   2.611   0.977
  -0.367   1.075   2.813
  -0.786  -1.909  -3.595
  -0.698  -2.289  -2.649
   0.776   1.024  -0.067
   0.855   0.677   2.455
  -0.638  -1.443  -3.264
   0.855  -0.343   1.011
   0.527   4.367  -0.134
   0.475   3.155   0.201
   0.791   1.345   0.201
   1.067   2.636   1.855
  -0.948  -1.077  -0.725
  -0.331   1.306   0.132
  -0.376  -0.535  -1.798
   0.116   0.383  -0.471
   0.225  -0.999  -0.813
  -0.471   2.667  -5.744
  -1.090  -1.744  -1.526
  -1.168  -2.088  -2.821
   1.205   1.781   1.272
   1.729   3.469   1.256
  -0.391  -0.446  -1.405
  -1.855  -2.947  -2.488
  -0.956  -1.546  -2.317
  -7.114  -9.640  -6.787
   4.990   9.328  12.850
  -0.292   0.623  -5.713
  -1.698  -0.701  -5.770
   1.203   2.585   1.637
   2.630   3.260   1.929
   0.188  -1.561  -3.318
   0.212   2.369  -1.743
  -0.503  -0.882  -1.519
  -1.128  -1.337   5.218
  -0.690  -2.116  -3.031
   0.287  -1.462   1.487
  -1.948  -5.252  -1.736
   1.174   0.549   3.925
   1.267   5.628   1.038
   1.905   2.053   2.120
  -0.846  -0.907  -2.120
   0.676   1.020   0.396
   1.512   2.779   2.266
   0.428  -0.440  -0.776
  -1.720  -2.228  -2.684
   0.437   1.268  -2.184
   0.086   0.886   0.245
   0.394   1.386   1.297
   2.007   4.741   4.871
  -0.318  -4.452  -4.310
   0.522   0.469   0.558
  -0.376  -0.613  -2.336
   1.093   3.414   1.135
  -0.144   0.419   1.122
  -0.673  -2.611  -3.652
  -0.616  -2.387  -1.248
  -1.543  -3.199  -3.925
  -0.162  -7.696  -1.845
   1.043   1.217   2.279
   0.482   3.331  -1.309
  -0.259   1.433  -2.400
  -1.066  -1.160  -0.541
  -0.896  -0.233   1.258
   0.728   2.198   2.033
  -1.541  -6.134  -1.765
  -0.686   0.364   0.089
   0.402   3.103   0.886
   1.789   5.153  -0.088
   1.817   0.668   1.228
  -0.042  -1.115  -2.025
   0.470   4.064   3.325
   0.212  -0.215   2.549
  -1.079  -1.302  -1.863
  -0.267  -2.995  -0.514
  -0.829   1.120   2.125
  -3.010  -3.398  -3.335
   1.234   2.615   5.085
   1.365   0.559   1.721
   0.609   1.770  -1.969
  -0.756   0.765  -0.166
   1.128   0.759  -0.666
   1.762   2.769   1.903
  -0.802  -0.210   0.572
  -0.800  -2.775  -0.244
  -0.569  -0.108   0.895
  -0.066  -1.859   0.646
   1.253   4.532   1.913
   0.867   4.335   2.146
   0.818   2.985   1.381
  -0.530  -1.084  -1.228
   2.119   1.378   2.514
   0.470  -1.477   3.838
   0.090   2.450   1.438
  -0.334  -0.290  -1.220
   0.885   2.398   1.203
  -0.170  -2.982  -2.001
   0.815   1.165   0.509
   0.098   0.193  -1.387
   0.404   0.576  -0.073
  -0.396  -0.577  -1.407
   0.261   0.096   1.039
   0.905   0.862   2.622
  -0.367  -0.095   4.085
   0.575   0.571   1.371
   0.379  -0.285   2.554
  -0.733  -1.342  -1.943
   1.190   3.042   1.744
   0.552  -0.376  -1.811
   0.064  -0.944  -2.885
  -0.156  -0.954  -2.327
   0.411  -1.156  -2.674
  -0.447   1.156   1.310
  -1.180  -5.412 -13.446
   1.975   4.062   3.335
  -0.321  -5.027  -3.999
   1.128   0.255   0.581
   0.396   2.017   0.496
   0.136   2.074   0.657
  -0.124   0.973   0.326
   0.994  -0.290   1.377
   0.109   0.291  -1.214
   0.468  -1.561   0.325
   0.388   1.173   0.405
   0.861  -1.075  -2.042
  -0.329   1.753  -0.912
   0.918   4.622  -0.836
  -0.338   2.548   2.406
  -0.102  -0.270   2.509
  -0.488   0.090   0.875
  -0.173  -2.922  -1.920
   0.747   1.380   0.885
   0.579   1.362  -0.724
   1.065   1.344  -1.463
   0.240   0.621   0.490
  -0.117  -2.416  -3.818
  -1.061   0.000  -1.706
  -0.715  -1.093  -0.086
   0.815  -1.849   1.624
  -0.088  -0.749   3.334
   0.545   1.770  -0.329
   0.319   4.337  -1.491
  -1.001  -0.710  -0.670
   1.304   0.355   1.086
   0.083   2.540   1.731
   0.239   2.224   3.136
   0.324  -0.339   6.290
  -0.926  -2.667  -0.972
  -1.049   0.348  -1.436
  -1.947  -2.107  -2.545
  -0.132   0.619  -0.863
   0.873   1.575   1.056
   1.555   1.721   0.854
   0.827   0.511   1.611
   0.095   1.767  -0.152
  -0.574  -1.767  -0.152
  -0.966   3.175  -0.613
  -0.889  -0.825  -0.462
   1.180   0.497   3.711
  -0.135  -1.329  -1.876
   0.823   2.151   2.469
   0.275  -0.492   0.296
  -0.133   0.082  -0.295
  -0.776   0.410  -5.157
  -0.263   1.784  -1.174
   0.334   3.340   0.236
   0.856  -2.220  -3.274
  -0.396  -1.119  -3.805
  -0.375  -1.131   0.253
  -1.492  -1.145   0.504
  -0.164   2.357  -0.503
   0.489  -0.403  -1.099
  -0.619  -2.449  -2.846
   0.015  -2.765  -4.932
   0.188   3.834   1.821
  -0.947  -2.400  -4.901
   1.111   2.970   3.355
   1.723   0.729   2.355
   0.167   0.081  -0.719
   0.241   2.548   1.254
  -0.550  -0.473  -2.342
  -1.604  -0.079   0.000
   0.388   0.079  -0.182
  -2.007  -1.112  -2.309
   0.978   2.134   4.299
   1.778   0.934  -0.809
  -0.066   1.766   0.630
  -0.518   1.211   0.447
   0.233   1.789   5.388
   1.464   2.624   1.844
   1.189   1.073   2.785
  -0.318  -0.858  -2.288
   0.346   3.179   0.987
   0.466   2.133  -0.739
  -0.409   0.272  -2.251
   1.290   2.680   1.423
  -0.186  -2.070  -2.611
   0.945   0.404   0.319
  -0.229  -0.269   2.208
   1.009   1.604   4.155
  -0.672  -1.403   1.819
   0.497   0.000   0.000
   0.074   1.402   3.239
   1.058   0.661  -2.070
  -0.235   0.722   4.320
   0.781   0.196   0.000
   0.230   4.093  -1.344
  -0.224   3.388  -1.668
  -1.620  -4.206  -0.153
  -0.085  -0.443   0.915
  -2.112   0.633   0.228
   0.092  -1.397   0.604
   0.565  -0.256   3.548
  -1.496  -1.550  -0.509
  -0.446  -2.105  -1.175
   1.556   4.676   3.484
  -1.961  -2.832  -3.706
  -0.737   0.780   0.443
  -3.692  -3.560  -3.449
   0.865   3.819   2.670
   0.755   2.677   3.361
  -0.017  -2.548  -0.360
  -0.581   2.359  -0.072
  -1.316  -1.204  -2.410
   1.416   0.572   1.248
  -0.862  -1.920  -0.439
  -1.138  -0.259   1.094
   1.949   1.735   3.841
   1.605   2.080   2.072
  -0.286   1.055  -2.072
  -0.590   1.349  -4.059
  -0.959   0.122  -1.243
   0.642   0.243  -0.369
   0.433   0.906  -0.240
  -0.796  -0.301  -1.698
  -3.913  -4.440  -3.995
  -1.493  -4.580  -3.509
  -7.018 -14.538  -7.849
   3.762   9.462   6.541
  -0.379   1.790  -1.491
  -0.833  -1.097   2.473
  -0.856  -1.529   1.935
   4.965   5.848   4.567
  -1.701  -4.112  -0.804
  -2.619  -2.650  -2.729
   2.903   4.761   7.168
   2.027   1.006   1.025
   0.770   3.087   0.146
   0.749   0.322  -1.023
  -2.578  -4.957  -2.455
   0.120  -0.714   0.000
   0.372   1.926   1.939
   0.559   0.999  -1.264
   3.480   5.229   4.103
  -2.216  -2.001  -2.030
   0.195   2.284   3.456
   0.376  -0.282  -1.497
   0.031  -2.484   1.709
  -3.095  -4.450  -3.156
  -3.061  -7.668  -2.734
   1.630  -2.655   0.523
  -1.410 -14.319  -4.029
  -0.402  -4.498  -1.171
  -1.423  -5.137  -0.709
  -1.165   6.213  -0.794
   2.567   6.980   6.628
   1.344   4.515   1.920
  -0.292  -3.275  -2.219
   1.073   2.797  -1.204
   4.089   8.831   2.393
   0.848  -2.782  -0.966
   0.564   1.568   1.482
   0.145  -3.851  -0.516
   0.561   6.266   2.913
   0.797   1.400   0.358
  -0.727   0.427  -0.143
   0.154   4.477   1.916
  -0.653  -1.023  -1.844
   0.258   3.438   2.160
   1.657  -0.298   0.593
   1.166   0.498  -0.629
   1.170   2.644   2.901
  -0.068  -2.050  -1.509
   0.702   3.394   4.767
   1.333   3.374  -0.861
   0.645  -0.555   1.517
  -0.952  -0.651   0.587
  -0.172   0.000   1.615
  -0.648  -1.409   6.089
  -0.250  -1.334  -0.969
   0.673  -0.770   1.030
   0.897   3.419   2.968
   0.304   2.672   1.509
   0.452   5.827   1.259
   0.708   0.598   2.693
   0.945   1.774  -0.723
   2.097   2.072   1.330
  -0.440   0.000  -2.791
   0.327   1.141  -0.625
   0.456   3.741   0.228
  -2.433  -5.955  -2.183
   0.996   5.642   6.627
  -0.343  -1.899  -1.258
  -1.819  -2.671  -3.643
   2.286   2.671   6.035
   0.927   2.446   2.232
  -0.534  -0.469   0.942
   0.178   1.168  -0.732
  -1.573   0.541  -3.903
   0.124   2.808   1.569
  -2.189  -3.815  -4.277
   1.878   4.113   3.847
  -0.077  -1.277  -1.575
   1.541   2.612   2.381
   0.680   6.348   2.639
   1.239   4.592   2.215
   0.061  -0.928  -3.000
   2.053   2.825   4.867
  -0.185  -2.425   0.000
  -0.064   0.000  -2.327
   1.323  -0.733  -0.874
  -0.799  -0.873  -1.561
  -0.219   0.135  -0.525
  -0.092   2.658   1.880
   1.349   1.691   1.998
   2.190   2.860   4.947
  -0.205   3.811  -0.193
   0.421   2.912   0.337
  -0.883  -1.893   7.473
  -1.947  -6.474  -3.042
  -0.413  -2.320   2.504
  -1.816   0.521  -3.850
   2.531   5.365   1.208
   0.701   4.507   2.912
   0.368  -0.235  -0.810
  -1.723  -4.641  -3.496
  -0.810   1.470  -3.525
   0.715   0.606   1.349
   1.474   3.503   4.720
  -0.733  -3.503  -3.106
   1.770   5.123   3.288
   1.121   2.438   2.696
  -0.520   3.034  -2.197
  -0.869  -2.295  -2.385
   0.796  -1.132   3.002
  -1.871  -5.432  -6.373
  -0.731  -3.874  -1.989
   0.352   0.677   3.420
  -2.247  -6.066  -5.199
   0.607   2.699   2.755
   2.461   6.208   3.387
  -1.925  -5.701  -5.199
   0.950   0.000  -0.099
  -1.447  -4.056  -1.395
   1.077   1.111   2.769
   0.157   0.970  -0.049
   2.622   4.959   3.642
  -0.076   0.853   1.076
  -1.408  -2.957  -2.928
  -0.672  -1.448  -2.034
  -0.539  -0.700  -6.310
  -0.175   1.647  -2.426
  -0.866  -3.844  -6.393
   0.179  -0.590   4.343
   1.531   3.232  -1.151
   2.286   2.575   1.097
   0.568   3.652   4.270
  -0.226   0.714  -3.672
   0.545  -0.894   1.346
   0.839   1.072   1.064
  -0.238  -2.156   0.106
   0.974   1.681  -0.318
  -0.067   0.947   2.099
  -0.657   0.059   0.104
   1.433   0.763   1.083
  -1.320  -2.247  -2.336
  -0.176  -1.689  -3.310
  -2.725  -2.401  -0.490
   0.510   4.030   4.010
   1.673   2.833  -1.107
  -0.559  -2.116  -1.066
   2.111   4.473   4.093
  -0.722  -0.057   0.000
  -1.112  -0.342  -2.236
   0.570   0.341   1.668
   2.096   4.011   5.336
  -0.245   0.707   2.278
   0.681   2.992   1.286
   1.280  -0.952  -0.807
   0.325   0.424  -0.191
   0.760  -0.318  -6.566
  -0.651  -3.127  -1.232
  -1.597  -3.002  -5.959
  -0.421  -0.396   2.491
  -0.292  -4.283  -2.053
  -2.264  -5.531  -3.105
   1.286   1.551   1.896
   2.267   6.088   3.261
   1.685   4.749   5.108
  -0.145   3.633   0.406
   0.235   0.213   4.260
   0.203  -2.203  -3.454
  -0.876  -2.921  -1.722
  -0.600  -2.320  -0.615
  -0.571   4.368   0.615
   1.446  -0.385   3.117
  -1.685  -4.500  -2.303
   1.143   2.135   3.727
  -1.139  -3.701  -6.976
   0.968   1.450   2.072
  -0.350   0.689  -0.514
   1.136   2.375   2.746
   0.617   5.964   0.301
   0.261  -0.899  -3.978
  -2.200  -1.931  -3.494
   0.126   0.862   2.448
  -0.462  -0.215  -0.845
   0.815   0.322   1.265
  -0.403  -1.567  -3.408
  -0.640  -1.316  -1.199
  -1.793  -3.482  -1.882
  -1.717  -4.679  -5.631
   1.573   4.450  -2.272
  -1.806  -1.036   2.743
   1.582   0.922   1.750
  -0.584  -1.794  -6.446
   0.042   2.820   2.436
   0.365  -1.199  -2.807
   2.148   5.422   5.185
   0.509   0.434   0.469
  -1.296  -3.248  -3.330
   0.099   1.830   2.743
  -1.207  -2.955   4.148
  -0.707   0.226  -1.707
   0.028  -2.631  -0.115
   0.552   3.082   2.385
   2.223   4.452   6.937
   0.711   0.963  -2.868
   0.219   1.690  -5.425
   0.458   3.093   3.356
  -0.977  -3.407  -2.000
  -0.211   3.914   1.559
  -1.305  -2.661  -2.688
  -0.036   1.748   0.453
   1.212   1.014   3.005
   1.498   0.904   3.871
   1.561   3.053   0.421
   0.599  -0.097   5.517
   0.740   4.090   0.989
  -0.223  -0.561   0.589
   0.556  -0.658   0.780
  -0.103   0.283   2.114
   0.633   0.937   0.757
  -0.298  -2.167  -1.234
  -0.397  -0.573  -0.096
   0.330   0.096   3.936
   0.816   1.896  -0.461
   0.648  -0.849  -0.834
  -0.788  -1.623   0.650
  -2.194  -4.227  -3.962
   0.159   1.297   0.957
  -1.337  -3.120  -2.608
  -0.297   2.922   0.488
  -0.679  -3.024  -2.066
   1.113   3.025   7.190
   0.188   0.594   3.989
  -1.801  -2.499  -1.163
  -0.922   0.605  -0.722
  -0.050  -0.504   3.296
  -0.443  -1.118   2.253
  -1.283  -1.027  -0.130
   0.640   1.639  -1.906
  -1.027   1.213   0.175
  -0.192  -3.995   2.586
  -1.269  -1.792  -2.325
   1.587   6.885   5.754
  -0.290  -2.006  -0.082
   2.249   2.995   4.899
   0.232  -0.098  -1.500
   1.001   1.174   0.555
  -0.846  -1.470  -0.635
  -0.696  -1.692  -1.525
   0.979   2.968   3.339
   1.751   2.502   3.684
   0.241   0.947   0.226
   1.332   3.334   0.675
  -1.442   0.454  -3.187
  -1.014  -0.637   2.362
  -1.815  -2.588  -0.908
  -0.273   1.579  -0.076
   0.804   1.645   1.510
  -0.903  -1.002   2.222
   2.850   3.862   4.582
  -0.502  -0.796  -1.907
  -0.468  -2.064  -1.945
   0.261   1.441   2.087
   0.296   1.155  -0.428
  -0.559  -0.088  -3.493
  -0.585   1.753   1.690
  -1.380  -2.018  -3.332
   0.039   0.000  -0.453
   1.277   4.167   2.392
   0.008  -0.426  -0.667
  -2.115  -2.858  -2.485
   0.224   1.570   0.986
  -2.324  -4.060  -6.630
  -0.238  -0.542  -2.387
   0.465  -1.276   3.270
  -0.087   0.366  -0.883
  -1.084  -2.312  -3.029
   1.124   2.585  -1.171
   0.008   0.455   0.837
   1.684   2.332   2.715
  -0.249   1.583  -1.061
   1.831   0.413   0.979
  -0.587  -1.467  -1.721
   1.385   1.314   0.083
  -0.061   0.866   1.067
  -1.674  -0.954   0.245
  -2.116  -2.023  -6.133
  -0.166  -1.342   1.676
  -2.846  -3.204  -3.424
   0.537   0.279  -2.139
   0.572   0.000  -6.322
   2.204   3.732   7.130
  -0.452  -1.078   2.471
   1.396  -3.868   2.412
  -0.618  -0.094  -3.024
  -0.910   1.122   0.263
   1.148   2.840  -2.840
   3.466   2.498   3.884
   1.515   4.226   7.021
  -0.648  -1.532  -1.873
  -0.472   0.854   1.955
   0.532  -2.759   2.900
   0.567  -2.120   2.248
   0.555   4.794   0.991
   0.494   2.521  -0.303
  -0.855  -1.421  -2.543
   0.597   6.832  -1.336
   0.581   5.208   0.552
   1.051  -0.374  -4.177
  -0.120  -0.752  -2.829
   1.825   2.018   3.320
  -0.661   0.296  -2.395
   1.004   3.692   4.895
  -0.207   0.213   1.737
  -0.075  -0.712   0.779
  -1.154   1.137  -1.881
   0.882   4.353   3.956
  -0.033   0.808  -2.385
  -0.622  -0.470  -1.650
  -1.353  -3.917  -2.891
   0.632   2.492  -0.490
   0.807   2.231   1.625
   1.707   2.182   1.440
  -0.698   2.773  -1.038
  -1.000   3.254  -0.887
  -0.376  -1.551  -3.544
   0.301  -1.322  -1.692
   0.632   1.197  -1.374
  -0.128   1.369   2.478
  -0.855  -3.265  -2.218
   0.721  -2.128   8.593
   0.386   2.065   1.649
   0.158   1.835   2.234
  -0.207   3.512  -1.226
   1.076   0.723   2.211
   0.188  -1.452  -0.453
   1.535   1.872   0.755
  -0.085   0.715   2.304
   0.038   0.000  -2.455
   0.397   0.887   1.048
   0.069   0.059  -0.224
   0.326   0.879  -1.657
