Mon day year open high low close volume adjclose
7 1 2002 27.6 27.6 27.1 27.16 2307600 1.89
7 2 2002 26.95 27.12 26.7 27.02 4052400 1.88
7 3 2002 27.1 27.66 27.1 27.55 3411600 1.92
7 5 2002 27.3 27.45 27.15 27.35 476400 1.9
7 8 2002 27.1 27.48 27 27 696000 1.88
7 9 2002 27.05 27.55 27.05 27.3 2534400 1.9
7 10 2002 27.25 27.25 27 27.02 460800 1.88
7 11 2002 26.82 27.11 26.75 27.05 2998800 1.88
7 12 2002 27 27.4 26.8 27.11 5691600 1.89
7 15 2002 27.11 27.2 26.85 27.19 7260000 1.89
7 16 2002 27.1 27.65 27.1 27.52 5815200 1.91
7 17 2002 27.52 27.52 27 27.1 6288000 1.89
7 18 2002 27.05 27.1 27 27 4052400 1.88
7 19 2002 26.8 26.8 26.5 26.65 3966000 1.85
7 22 2002 26.85 26.91 26.25 26.25 8041200 1.83
7 23 2002 26.2 26.25 25.82 26 6543600 1.81
7 24 2002 25.35 25.46 25.19 25.2 4614000 1.75
7 25 2002 25.3 25.3 24.7 24.9 1369200 1.73
7 26 2002 24.9 24.95 24.05 24.1 1795200 1.68
7 29 2002 24.1 24.1 22.5 22.83 2527200 1.59
7 30 2002 22.85 23.73 22.15 23.6 7682400 1.64
7 31 2002 23.61 26.1 23.61 24.5 17091600 1.7
8 1 2002 24.7 25.25 24.3 25.1 7167600 1.75
8 2 2002 25.5 25.7 25.37 25.37 4081200 1.76
8 5 2002 25.4 25.56 24 24.1 3572400 1.68
8 6 2002 24.1 24.5 23.85 24.3 1911600 1.69
8 7 2002 24.7 25.15 24.6 25.14 1516800 1.75
8 8 2002 26.3 26.3 25.5 25.79 3714000 1.79
8 9 2002 25.8 25.8 25.23 25.35 2893200 1.76
8 12 2002 25.15 25.15 24.65 24.82 1305600 1.73
8 13 2002 24.4 24.63 24.35 24.35 1084800 1.69
8 14 2002 24.36 24.52 24.05 24.52 3421200 1.71
8 15 2002 24.7 24.7 24.5 24.55 834000 1.71
8 16 2002 24.56 25.95 24.56 25.91 3212400 1.8
8 19 2002 25.91 25.95 25.2 25.2 2460000 1.75
8 20 2002 25.2 25.2 25 25.09 720000 1.75
8 21 2002 25.25 25.5 25.25 25.36 2932800 1.76
8 22 2002 25.31 25.35 25 25.02 3087600 1.74
8 23 2002 24.95 25.4 24.9 25.35 1124400 1.76
8 26 2002 25.35 25.48 25.3 25.37 684000 1.76
8 27 2002 25.4 25.65 25 25.25 1471200 1.76
8 28 2002 25.2 25.49 25.2 25.42 495600 1.77
8 29 2002 25.14 25.31 25 25.3 1008000 1.76
8 30 2002 25.21 25.68 25.21 25.6 1288800 1.78
9 3 2002 24.45 24.75 24.45 24.52 915600 1.71
9 4 2002 24.6 25.05 24.2 25.05 1083600 1.74
9 5 2002 24.65 25.1 24.45 24.95 1086000 1.74
9 6 2002 24.95 25.35 24.9 25.25 369600 1.76
9 9 2002 25.25 26.1 25.22 25.84 2377200 1.8
9 10 2002 25.9 25.9 25.3 25.35 1686000 1.76
9 11 2002 25.75 25.75 25.6 25.6 733200 1.78
9 12 2002 25.61 25.61 25.15 25.21 919200 1.75
9 13 2002 25.21 25.31 25.2 25.2 252000 1.75
9 16 2002 25.15 25.29 25.15 25.27 1222800 1.76
9 17 2002 25.3 25.3 24.85 24.87 1095600 1.73
9 18 2002 24.8 24.8 24.55 24.59 3547200 1.71
9 19 2002 24.59 24.6 24.05 24.07 3634800 1.67
9 20 2002 23.75 24.69 23.74 24.65 6619200 1.71
9 23 2002 24.15 24.21 23.9 24.16 5078400 1.68
9 24 2002 24.05 24.06 23.85 23.85 6472800 1.66
9 25 2002 23.9 24.4 23.75 24.15 1550400 1.68
9 26 2002 24.1 24.1 23.69 23.84 5583600 1.66
9 27 2002 23.35 23.36 22.75 22.87 2148000 1.59
9 30 2002 22.2 23 22 22.75 3945600 1.58
10 1 2002 22.85 23.6 22.55 23.55 3786000 1.64
10 2 2002 23.3 23.9 23.2 23.2 4448400 1.61
10 3 2002 23.1 23.8 22.95 23.59 3744000 1.64
10 4 2002 23.75 23.75 23.4 23.55 1465200 1.64
10 7 2002 23 23.24 22.95 22.95 1950000 1.6
10 8 2002 22.95 23.2 22.71 23 3330000 1.6
10 9 2002 22.4 22.5 22.26 22.26 1768800 1.55
10 10 2002 22.25 22.44 22.05 22.13 4372800 1.54
10 11 2002 22.25 23.04 22.19 22.63 1707600 1.57
10 14 2002 22 22.19 21.75 21.75 2071200 1.51
10 15 2002 22.25 22.45 21.91 22.14 2565600 1.54
10 16 2002 22.14 22.14 21.75 21.75 1338000 1.51
10 17 2002 21.65 22.83 21.65 22.71 7141200 1.58
10 18 2002 22.8 23.35 22.65 23.27 2533200 1.62
10 21 2002 22.99 23.38 22.95 23.38 3206400 1.63
10 22 2002 23.19 23.64 23.19 23.63 4202400 1.64
10 23 2002 23.56 24.3 23.5 24.3 4274400 1.69
10 24 2002 24.15 25.1 24.1 24.95 4614000 1.74
10 25 2002 24.95 25.99 24.75 25.98 4960800 1.81
10 28 2002 25.95 26 25.65 25.75 3044400 1.79
10 29 2002 25.5 25.63 25.42 25.63 2551200 1.78
10 30 2002 25.55 25.85 25.55 25.8 2108400 1.79
10 31 2002 25.7 26.35 25.65 26.35 4642800 1.83
11 1 2002 26.25 26.55 26.12 26.45 3135600 1.84
11 4 2002 26.65 26.85 26.39 26.42 2067600 1.84
11 5 2002 26.15 26.16 24.55 24.66 3223200 1.72
11 6 2002 25.05 25.88 25.04 25.88 4561200 1.8
11 7 2002 25.85 26.8 25.75 26.58 2184000 1.85
11 8 2002 26.6 27.1 26.2 26.35 1479600 1.83
11 11 2002 26.7 26.75 25.8 26.49 2859600 1.84
11 12 2002 26 26.3 25.82 26 2432400 1.81
11 13 2002 25.65 26.14 25.3 25.86 1329600 1.8
11 14 2002 25 26.65 25 26.25 4052400 1.88
11 15 2002 26.3 26.9 26.3 26.7 1756800 1.91
11 18 2002 26.76 28.15 26.76 27.7 4290000 1.98
11 19 2002 27.5 27.5 26.71 26.81 2574000 1.92
11 20 2002 26.4 26.45 26.24 26.38 4424400 1.89
11 21 2002 26.36 27.65 26.35 27.45 4060800 1.97
11 22 2002 26.95 27.08 26.76 27.08 2995200 1.94
11 25 2002 27.2 27.3 26.7 26.81 2024400 1.92
11 26 2002 26.7 26.7 26.27 26.48 1875600 1.9
11 27 2002 26.45 26.9 26.45 26.82 2799600 1.92
11 29 2002 27 27.32 26.68 26.98 1488000 1.93
12 2 2002 27.25 28.43 27.25 28.25 2270400 2.02
12 3 2002 27.9 28.2 27.6 27.61 1790400 1.98
12 4 2002 27.2 27.3 26.91 27.29 824400 1.96
12 5 2002 27.3 27.55 27.05 27.25 1924800 1.95
12 6 2002 27.64 28.27 27.64 28.1 3554400 2.01
12 9 2002 27.89 28.39 27.62 27.8 1725600 1.99
12 10 2002 27.8 28.3 27.7 28.1 1640400 2.01
12 11 2002 28.15 29.54 28.15 28.78 6068400 2.06
12 12 2002 29.2 29.44 28.75 28.79 4848000 2.06
12 13 2002 28.8 28.9 28.23 28.32 1737600 2.03
12 16 2002 28.6 28.74 28.47 28.66 2314800 2.05
12 17 2002 28.66 28.93 28.62 28.65 5832000 2.05
12 18 2002 28.8 28.99 28.67 28.75 1210800 2.06
12 19 2002 28.7 29.05 28.65 28.8 733200 2.06
12 20 2002 28.8 28.84 28.5 28.78 1045200 2.06
12 23 2002 29 29.09 28.45 28.45 2259600 2.04
12 24 2002 28.45 28.85 28.4 28.59 363600 2.05
12 26 2002 28.54 28.6 28.4 28.58 874800 2.05
12 27 2002 28.66 28.9 28.66 28.75 1233600 2.06
12 30 2002 29.19 29.21 28.7 28.8 1921200 2.06
12 31 2002 28.9 29.18 28.8 28.91 228000 2.07
1 2 2003 29 29.15 28.86 28.9 1266000 2.07
1 3 2003 28.9 28.99 28.63 28.9 3025200 2.07
1 6 2003 29.2 29.45 28.98 29 2779200 2.08
1 7 2003 28.95 29.23 28.9 29.15 2565600 2.09
1 8 2003 28.95 29.1 28 28.15 3720000 2.02
1 9 2003 28.27 29.07 28.2 28.95 3808800 2.07
1 10 2003 29 29.05 28.25 28.4 2390400 2.03
1 13 2003 28.05 28.19 27.83 28.05 2796000 2.01
1 14 2003 28.15 28.6 28.08 28.6 1078800 2.05
1 15 2003 28.5 28.5 27.9 27.99 1422000 2.01
1 16 2003 28.15 28.25 27.7 27.75 3720000 1.99
1 17 2003 27.75 27.75 27.1 27.48 2732400 1.97
1 21 2003 27.19 27.34 26.79 26.79 7286400 1.92
1 22 2003 27 27.28 27 27.05 2756400 1.94
1 23 2003 27.1 27.1 26.15 26.15 5157600 1.87
1 24 2003 26.06 26.06 25.71 25.71 8997600 1.84
1 27 2003 25.8 26.08 25.74 25.85 2284800 1.85
1 28 2003 25.65 26.11 25.52 26.11 4042800 1.87
1 29 2003 25.85 26.16 25.78 26.16 8971200 1.87
1 30 2003 26.45 27.25 26.44 27.25 10950000 1.95
1 31 2003 27.31 27.7 27.3 27.65 6362400 1.98
2 3 2003 27.9 28.05 27.47 28.05 2073600 2.01
2 4 2003 27.95 28.12 27.5 28.11 8556000 2.01
2 5 2003 28.15 28.65 27.81 28.2 7749600 2.02
2 6 2003 28.05 28.64 28.05 28.55 2432400 2.05
2 7 2003 28.69 28.95 28.46 28.95 5710800 2.07
2 10 2003 28.3 28.75 28.15 28.7 4087200 2.06
2 11 2003 28.85 29.35 28.75 29.18 4594800 2.09
2 12 2003 29.18 29.18 28.61 28.85 1618800 2.07
2 13 2003 28.48 28.48 27.45 27.66 4497600 1.98
2 14 2003 27.5 27.5 27 27 3087600 1.93
2 18 2003 28.1 28.15 27.18 28.15 2820000 2.02
2 19 2003 28.15 28.15 27.34 27.42 2475600 1.96
2 20 2003 27.67 27.72 27.27 27.61 4759200 1.98
2 21 2003 27.65 28.3 27.57 28.3 5280000 2.03
2 24 2003 28.3 28.75 28.3 28.75 3597600 2.06
2 25 2003 28.2 28.95 28.2 28.95 6158400 2.07
2 26 2003 28.9 29.2 28.9 29.15 4755600 2.09
2 27 2003 28.25 28.56 28.15 28.5 8096400 2.04
2 28 2003 28.5 29.01 28.35 29 7203600 2.08
3 3 2003 29 29.7 29 29.5 10880400 2.11
3 4 2003 29.5 29.64 29.31 29.35 5103600 2.1
3 5 2003 29.35 29.6 29.15 29.3 19236000 2.1
3 6 2003 29.33 29.49 29.23 29.24 4482000 2.1
3 7 2003 28.99 28.99 28.5 28.63 6561600 2.05
3 10 2003 28.51 28.52 28.01 28.1 9090000 2.01
3 11 2003 27.95 28.5 27.95 28.5 1640400 2.04
3 12 2003 28.7 28.87 28.6 28.66 3015600 2.05
3 13 2003 28.55 28.75 28.46 28.7 6338400 2.06
3 14 2003 28.79 28.8 27.8 28 3862800 2.01
3 17 2003 28 28.53 27.94 28.15 4666800 2.02
3 18 2003 28.2 28.2 27.64 27.92 3122400 2
3 19 2003 27.97 27.97 27.31 27.44 5360400 1.97
3 20 2003 27.55 27.78 27.4 27.74 2216400 1.99
3 21 2003 27.71 27.83 27.61 27.8 2182800 1.99
3 24 2003 27.85 27.85 27.29 27.4 1837200 1.96
3 25 2003 27.5 27.65 27.5 27.62 4149600 1.98
3 26 2003 27.71 27.71 27.04 27.1 3433200 1.94
3 27 2003 27.1 27.85 27 27.51 10131600 1.97
3 28 2003 27.6 27.6 27.4 27.45 3644400 1.97
3 31 2003 27.3 27.39 26.87 26.95 5796000 1.93
4 1 2003 27 27.85 27 27.66 7011600 1.98
4 2 2003 27.7 28.01 27.7 27.95 10683600 2
4 3 2003 28.09 28.09 27.05 27.19 4002000 1.95
4 4 2003 27.45 27.45 26.84 27.05 4879200 1.94
4 7 2003 27.25 28.05 27.25 27.6 8106000 1.98
4 8 2003 27.8 27.93 27.75 27.85 1630800 2
4 9 2003 28 28.24 27.95 28.1 1459200 2.01
4 10 2003 28.15 29 28.15 28.3 3625200 2.03
4 11 2003 28.55 28.6 28 28 1084800 2.01
4 14 2003 27.95 28.2 27.95 28.2 792000 2.02
4 15 2003 28.33 28.6 28.26 28.5 2389200 2.04
4 16 2003 28.7 28.7 27.95 28.12 4260000 2.01
4 17 2003 27.8 28.21 27.8 28.06 3036000 2.05
4 21 2003 28.06 28.46 28 28.3 705600 2.07
4 22 2003 28.29 28.3 27.69 27.85 4282800 2.03
4 23 2003 28 28 27.81 27.85 3616800 2.03
4 24 2003 27.85 27.85 26.7 26.85 10215600 1.96
4 25 2003 27 27.2 26.94 27.2 4054800 1.99
4 28 2003 27.15 27.56 26.9 27.5 2776800 2.01
4 29 2003 27.7 28.35 27.7 28 3292800 2.04
4 30 2003 28 28.19 27.65 27.96 5949600 2.04
5 1 2003 28.05 28.12 27.8 28.1 2212800 2.05
5 2 2003 28.15 28.15 27.75 27.83 859200 2.03
5 5 2003 27.9 28.2 27.9 28.13 1908000 2.05
5 6 2003 28.35 28.83 28.3 28.67 2875200 2.09
5 7 2003 28.8 28.85 28.64 28.7 2931600 2.1
5 8 2003 28.6 28.83 28.4 28.5 1572000 2.08
5 9 2003 28.59 29.06 28.59 28.84 2089200 2.11
5 12 2003 28.84 29.4 28.84 29.25 2511600 2.14
5 13 2003 29.3 29.58 29.15 29.29 1560000 2.14
5 14 2003 29.4 29.55 28.52 28.66 3934800 2.09
5 15 2003 28.7 28.7 28 28.2 1785600 2.06
5 16 2003 28.1 28.83 28.1 28.6 5764800 2.09
5 19 2003 28.4 29.14 28.36 28.81 2618400 2.1
5 20 2003 29.75 29.75 29 29.26 7483200 2.14
5 21 2003 29.01 29.4 28.9 29.23 2990400 2.13
5 22 2003 29.3 29.4 29.2 29.34 2188800 2.14
5 23 2003 29.34 29.8 29.3 29.8 3271200 2.18
5 27 2003 29 29.6 29 29.57 2889600 2.16
5 28 2003 29.53 29.8 29.53 29.75 2186400 2.17
5 29 2003 29.85 30.28 29.85 30.1 3157200 2.2
5 30 2003 30.15 30.15 29.79 30 3418800 2.19
6 2 2003 30 30.03 29.2 29.3 1498800 2.14
6 3 2003 29.4 29.77 29.33 29.77 1404000 2.17
6 4 2003 29.9 30.14 29.81 30.05 1350000 2.19
6 5 2003 29.85 30.5 29.85 30.4 2010000 2.22
6 6 2003 30.69 30.91 30.69 30.8 3552000 2.25
6 9 2003 30.78 30.85 30.28 30.4 1394400 2.22
6 10 2003 30.49 30.75 30.2 30.32 2674800 2.21
6 11 2003 30.1 30.49 30.07 30.35 2264400 2.22
6 12 2003 30.15 30.15 29.67 29.99 3132000 2.19
6 13 2003 29.65 29.75 29.35 29.5 4099200 2.15
6 16 2003 29.55 29.91 29.25 29.87 3963600 2.18
6 17 2003 30.3 30.49 30.13 30.25 8696400 2.21
6 18 2003 30.45 30.45 30.23 30.43 6325200 2.22
6 19 2003 30.51 30.89 30.35 30.35 874800 2.22
6 20 2003 30.24 30.24 29.83 30.04 759600 2.19
6 23 2003 30.04 30.25 29.91 30.16 2701200 2.2
6 24 2003 29.9 30.19 29.9 30.06 1700400 2.2
6 25 2003 30.27 30.28 29.9 29.99 1390800 2.19
6 26 2003 29.9 30.01 29.6 29.98 954000 2.19
6 27 2003 29.98 30.09 29.71 29.75 1809600 2.17
6 30 2003 29.85 29.92 29.51 29.66 706800 2.17
7 1 2003 29.75 30 29.64 29.92 1069200 2.19
7 2 2003 29.82 30.69 29.82 30.56 3214800 2.23
7 3 2003 30.6 30.95 30.5 30.86 1048800 2.25
7 7 2003 30.99 31.37 30.93 31.14 4335600 2.27
7 8 2003 31.2 31.63 31.2 31.47 5340000 2.3
7 9 2003 31.47 32.54 31.45 32.5 5509200 2.37
7 10 2003 32.4 32.65 32 32.14 5649600 2.35
7 11 2003 31.95 31.99 31.65 31.65 1759200 2.31
7 14 2003 31.65 31.95 31.65 31.75 1304400 2.32
7 15 2003 31.8 32.19 31.74 31.95 4444800 2.33
7 16 2003 32.1 32.1 31.86 31.91 1452000 2.33
7 17 2003 31.93 32.13 31.72 31.89 2149200 2.33
7 18 2003 31.73 32 31.65 31.84 2392800 2.33
7 21 2003 31.85 31.95 31.73 31.95 820800 2.33
7 22 2003 31.94 31.94 31.56 31.6 2119200 2.31
7 23 2003 31.65 31.8 31.59 31.7 4768800 2.32
7 24 2003 31.6 33 31.55 32.91 15772800 2.4
7 25 2003 33.2 33.8 33.2 33.79 6512400 2.47
7 28 2003 33.79 34.25 33.75 34 6567600 2.48
7 29 2003 34 34.25 33.75 33.78 3781200 2.47
7 30 2003 33.85 34 33.73 33.99 5355600 2.48
7 31 2003 33.85 34.88 33.85 34.83 6526800 2.54
8 1 2003 34.73 35.2 34.6 34.64 3208800 2.53
8 4 2003 34.1 34.14 33.69 33.98 4203600 2.48
8 5 2003 34 34 33.59 33.7 5250000 2.46
8 6 2003 33.3 33.41 33.1 33.39 4948800 2.44
8 7 2003 33.39 33.45 33.15 33.17 2805600 2.42
8 8 2003 33.05 33.85 33.05 33.81 3540000 2.47
8 11 2003 33.89 34.5 33.74 34.45 2164800 2.52
8 12 2003 34.53 35.05 34.53 35.03 13227600 2.56
8 13 2003 35.1 35.55 34.92 35.26 2678400 2.58
8 14 2003 34.9 36.8 34.68 36.78 13743600 2.69
8 15 2003 36.78 37.25 36.5 37.15 2131200 2.71
8 18 2003 37.2 37.85 37.2 37.49 7651200 2.74
8 19 2003 37.74 38.25 37.35 38.05 4514400 2.78
8 20 2003 37.6 39.45 37.3 39 9672000 2.85
8 21 2003 39.25 39.75 38.25 38.35 13468800 2.8
8 22 2003 38.2 38.23 37.08 37.08 7224000 2.71
8 25 2003 37.08 37.35 36.74 36.75 5287200 2.68
8 26 2003 36.6 37.51 36.55 36.65 5175600 2.68
8 27 2003 36.45 36.68 36.15 36.63 5184000 2.68
8 28 2003 36.35 37.99 36.35 37.35 5118000 2.78
8 29 2003 37.25 37.5 37.15 37.45 2953200 2.78
9 2 2003 37.75 38.5 37.75 38.5 5661600 2.86
9 3 2003 38.25 38.82 37.88 37.88 7072800 2.82
9 4 2003 37.98 38.59 37.82 38.51 5602800 2.86
9 5 2003 38.5 40.2 38.43 39.51 5680800 2.94
9 8 2003 39.77 40.31 39.62 39.82 4245600 2.96
9 9 2003 39.35 39.61 39.08 39.35 5088000 2.93
9 10 2003 39.35 39.48 38.99 39.23 6018000 2.92
9 11 2003 39.23 39.64 38.87 39.15 5257200 2.91
9 12 2003 39.2 40.19 39.15 39.9 3325200 2.97
9 15 2003 39.91 40.5 39.45 39.45 2755200 2.93
9 16 2003 39.42 39.65 39.11 39.5 4971600 2.94
9 17 2003 39.5 39.85 39.37 39.65 7610400 2.95
9 18 2003 39.9 41.3 39.83 41.3 6296400 3.07
9 19 2003 41.95 42.1 41.41 41.6 4483200 3.09
9 22 2003 41.6 41.62 40.38 40.78 5206800 3.03
9 23 2003 40.8 40.85 39.91 40.47 6403200 3.01
9 24 2003 40.65 41.3 40.44 40.61 4293600 3.02
9 25 2003 40.51 40.51 39.1 39.22 3678000 2.92
9 26 2003 39.22 39.45 38.6 39.35 4662000 2.93
9 29 2003 39.4 40.5 39.4 40.25 3679200 2.99
9 30 2003 40.6 41.1 40.51 40.82 5652000 3.03
10 1 2003 40.9 42.4 40.9 42.3 7165200 3.14
10 2 2003 42.3 44.6 42.29 44.2 9645600 3.29
10 3 2003 45.2 45.94 44.95 45.45 10899600 3.38
10 6 2003 45.46 46.2 45.1 46.08 5023200 3.43
10 7 2003 46.6 46.6 46.21 46.25 8403600 3.44
10 8 2003 46.5 46.77 45.25 45.25 8730000 3.36
10 9 2003 45.25 45.98 45 45.1 5265600 3.35
10 10 2003 44.85 44.95 44.61 44.82 2690400 3.33
10 13 2003 44.95 47.2 44.9 46.86 5886000 3.48
10 14 2003 47 47.95 46.9 47.59 5724000 3.54
10 15 2003 47.75 47.75 47.01 47.18 3376800 3.51
10 16 2003 47 47 46.56 46.75 2058000 3.51
10 17 2003 46.8 46.8 46.19 46.3 4642800 3.48
10 20 2003 46.05 46.15 45.53 45.7 7496400 3.44
10 21 2003 45.7 46.15 45.65 46.05 6054000 3.46
10 22 2003 45.6 46 44.7 44.75 4131600 3.36
10 23 2003 43.9 44.1 43.44 44.1 4983600 3.32
10 24 2003 43.4 43.95 43.32 43.65 5022000 3.28
10 27 2003 43.6 43.93 43.2 43.93 4238400 3.3
10 28 2003 43.89 44.55 43.84 44.55 10520400 3.35
10 29 2003 44.45 45.4 44.45 45.37 7788000 3.41
10 30 2003 45.37 46.5 45.05 46.4 6304800 3.49
10 31 2003 46.55 46.66 45.4 45.75 5420400 3.44
11 3 2003 45.8 46.15 45.75 45.9 10362000 3.45
11 4 2003 45.85 46.99 45.81 46.3 5479200 3.48
11 5 2003 46.1 46.33 45 45.2 7390800 3.4
11 6 2003 45.5 45.5 44 44 10054800 3.31
11 7 2003 44.11 44.36 43.56 44.04 11413200 3.31
11 10 2003 43.95 43.95 42.3 42.75 7126800 3.21
11 11 2003 42.75 42.75 42.05 42.42 7048800 3.19
11 12 2003 42.2 43.45 42.2 43.3 4378800 3.26
11 13 2003 43.55 44.23 43.05 43.86 14011200 3.3
11 14 2003 43.89 43.89 43.28 43.59 5851200 3.28
11 17 2003 43.51 43.51 42.16 42.4 7023600 3.19
11 18 2003 43 43 42.02 42.06 4666800 3.16
11 19 2003 42.01 42.2 41.7 42 8264400 3.16
11 20 2003 42 42.22 41.86 42.15 5414400 3.17
11 21 2003 42.05 42.4 41.99 42.07 3902400 3.16
11 24 2003 42.2 42.3 42.04 42.15 4104000 3.17
11 25 2003 42.25 43.65 42.17 43.5 5530800 3.27
11 26 2003 43.51 44.03 43.3 43.45 3412800 3.27
11 28 2003 43.46 43.8 43.4 43.79 2125200 3.29
12 1 2003 44.2 46.53 44.2 46 5709600 3.46
12 2 2003 46.4 46.44 45.93 46.33 4922400 3.48
12 3 2003 46.15 46.2 45.95 46.1 3349200 3.47
12 4 2003 46.29 47.66 46.29 47.61 5704800 3.58
12 5 2003 47.75 49.34 47.36 48.51 7675200 3.65
12 8 2003 49.25 50.9 48.95 50.9 6984000 3.83
12 9 2003 52.5 53.74 51.95 53.33 18734400 4.01
12 10 2003 53.48 53.57 51.58 51.6 14535600 3.88
12 11 2003 51.55 52.12 50.94 51.93 11044800 3.9
12 12 2003 52.1 54.5 51.51 53.8 10234800 4.04
12 15 2003 56.2 56.25 53.9 54.03 13120800 4.06
12 16 2003 54.5 54.8 53.8 54.29 10450800 4.08
12 17 2003 54.04 54.63 53.89 54.2 11704800 4.07
12 18 2003 54.15 55.01 54.09 54.95 6907200 4.13
12 19 2003 54.95 56.45 54.83 56.35 12937200 4.24
12 22 2003 56.25 59.2 56.12 58.65 13371600 4.41
12 23 2003 59.2 59.55 57.51 57.86 12786000 4.35
12 24 2003 57.86 58.88 57.78 58.38 1432800 4.39
12 26 2003 58.55 59.16 58.4 58.97 1569600 4.43
12 29 2003 59.22 59.88 58.6 59.59 6994800 4.48
12 30 2003 58.55 59.64 57.63 58.25 7218000 4.38
12 31 2003 58.5 59.1 57.82 58.5 1646400 4.4
1 2 2004 58.75 61.15 58.75 60.8 5176800 4.57
1 5 2004 62.55 63.35 62.2 62.87 16708800 4.73
1 6 2004 63.5 63.5 61.52 62.1 8653200 4.67
1 7 2004 62.5 62.9 59.81 60.43 9655200 4.54
1 8 2004 60.5 62.6 60.44 61.7 9116400 4.64
1 9 2004 61.7 61.9 60.7 60.84 4206000 4.57
1 12 2004 61.55 61.98 60.39 61.25 6345600 4.6
1 13 2004 63.2 63.2 61.1 61.3 8698800 4.61
1 14 2004 61.3 61.5 58.8 60.7 10122000 4.56
1 15 2004 60.65 60.65 58.68 58.95 5815200 4.43
1 16 2004 58.45 59.38 58.17 58.62 7291200 4.41
1 20 2004 59 60.24 59 59.99 6624000 4.51
1 21 2004 59.05 59.09 58.5 58.5 4486800 4.4
1 22 2004 59.09 59.09 57.65 57.78 6598800 4.34
1 23 2004 56.85 57.5 56.7 57 9417600 4.29
1 26 2004 57.25 57.6 55.75 56.25 7044000 4.23
1 27 2004 56.55 58.17 56.39 57.8 10675200 4.35
1 28 2004 58.61 58.74 55.8 56.2 6733200 4.23
1 29 2004 56.23 56.23 53.97 54.58 14830800 4.1
1 30 2004 54 54.03 53.19 53.67 7258800 4.03
2 2 2004 53.73 55.3 53.4 54.56 11110800 4.1
2 3 2004 54.75 58.5 54.75 58.2 12080400 4.38
2 4 2004 59 59.4 58.4 58.9 10012800 4.43
2 5 2004 58.91 59.1 56.25 56.25 8316000 4.23
2 6 2004 55.25 57.55 55.14 56.75 6778800 4.27
2 9 2004 57.06 58.15 57.06 58.06 8085600 4.36
2 10 2004 57.95 59.55 57.95 58.9 7898400 4.43
2 11 2004 58.6 60.41 58.4 60.38 11074800 4.54
2 12 2004 60.4 61.82 60.4 61 8034000 4.59
2 13 2004 60.75 60.9 58.85 59.64 7268400 4.48
2 17 2004 59.4 60.18 58.41 60.04 8192400 4.51
2 18 2004 60 60.05 58.1 58.4 8740800 4.39
2 19 2004 58.41 58.72 56.85 57.1 11565600 4.29
2 20 2004 55 57.24 55 56.88 8470800 4.28
2 23 2004 56.5 56.7 55.61 55.75 5432400 4.19
2 24 2004 55.5 56.3 55.48 56.11 3826800 4.22
2 25 2004 56.5 57.4 56.5 57.31 5590800 4.31
2 26 2004 57.25 57.6 55.99 57.42 3768000 4.32
2 27 2004 57.55 58.12 57.5 57.9 5137200 4.35
3 1 2004 59.15 60.6 59.08 60.43 11032800 4.54
3 2 2004 60 60.45 59.9 60.09 8319600 4.52
3 3 2004 61 61 58.6 59.19 6013200 4.45
3 4 2004 59.3 59.35 58.77 59.05 9549600 4.44
3 5 2004 59.1 59.3 57.78 57.99 9394800 4.36
3 8 2004 58.75 58.82 56.64 56.65 6973200 4.26
3 9 2004 56.55 57.09 55.47 55.61 8689200 4.18
3 10 2004 55.61 55.9 51.59 52.25 13642800 3.93
3 11 2004 52.25 52.25 50.5 50.58 13600800 3.8
3 12 2004 51.9 54.5 51.75 52.43 18948000 3.94
3 15 2004 52.65 53.5 51.41 51.7 8740800 3.89
3 16 2004 52 52.4 51.4 51.4 5583600 3.86
3 17 2004 52.75 54.15 52.6 53.85 10999200 4.05
3 18 2004 53.92 54.4 53.23 53.98 8077200 4.06
3 19 2004 54.85 54.85 53.72 53.72 8676000 4.04
3 22 2004 53.6 53.6 52.1 52.45 6087600 3.94
3 23 2004 53 53.06 51.7 52.15 10328400 3.92
3 24 2004 52 52.1 50.64 50.95 8169600 3.83
3 25 2004 50 50.45 49.67 49.96 9736800 3.76
3 26 2004 49.99 52.28 49.8 52.1 10604400 3.92
3 29 2004 52.85 53.69 52.8 53.3 5415600 4.01
3 30 2004 53.46 55.1 53.42 54.5 4531200 4.1
3 31 2004 54.95 54.95 53.8 54.9 4762800 4.13
4 1 2004 54.9 55.65 54.5 55.48 11238000 4.17
4 2 2004 55.9 56.55 55.9 56.32 6568800 4.23
4 5 2004 56.9 57.14 55.99 56.8 5925600 4.27
4 6 2004 56.8 57.14 56.55 57.09 2990400 4.29
4 7 2004 56.1 56.26 55.55 56.25 2802000 4.23
4 8 2004 56.25 56.3 54.6 55.32 4867200 4.16
4 12 2004 55.25 55.52 55.1 55.34 2598000 4.16
4 13 2004 55.6 55.6 53.1 53.45 4464000 4.02
4 14 2004 53 53.01 52.2 52.6 9838800 3.95
4 15 2004 51.75 52.36 51.45 52.26 9974400 3.98
4 16 2004 52.26 53.48 51.9 53 7170000 4.04
4 19 2004 52.9 53.08 52.42 52.73 6321600 4.02
4 20 2004 52.5 52.56 50.53 50.95 6422400 3.88
4 21 2004 50.5 50.51 48.97 49.07 14785200 3.74
4 22 2004 49.1 49.62 48.03 48.75 17558400 3.72
4 23 2004 49.05 50.05 49.05 49.65 11582400 3.78
4 26 2004 49.98 50.2 48 48.5 11157600 3.7
4 27 2004 48.55 49.09 48.05 48.9 8829600 3.73
4 28 2004 48.7 48.7 45.17 45.67 22266000 3.48
4 29 2004 45.9 46.72 44.75 45.3 16042800 3.45
4 30 2004 46 46.1 45.31 45.5 7182000 3.47
5 3 2004 44 44.62 43.61 44.1 20632800 3.36
5 4 2004 45 46.3 44.95 45.75 14464800 3.49
5 5 2004 46.6 46.64 46 46.55 10023600 3.55
5 6 2004 46.02 46.03 44.6 44.65 9007200 3.4
5 7 2004 43.5 44.26 43 43.1 17115600 3.28
5 10 2004 41.6 42.72 41.3 42.25 13713600 3.22
5 11 2004 42.5 44.6 42.5 44.18 14840400 3.37
5 12 2004 43.93 44.25 42.57 43.4 11120400 3.31
5 13 2004 43 46.35 42.93 45.8 19934400 3.49
5 14 2004 47.01 47.01 44.93 45.17 14638800 3.44
5 17 2004 43.75 44.36 42.52 44.01 9026400 3.35
5 18 2004 45.25 47.45 45 47.27 11226000 3.6
5 19 2004 48.25 49.75 47.7 47.85 14686800 3.65
5 20 2004 47.75 47.75 46.85 47.03 7308000 3.58
5 21 2004 47.05 47.68 47.05 47.35 9960000 3.61
5 24 2004 47.8 49.11 47.8 48.54 5044800 3.7
5 25 2004 48.53 49.4 48.07 49 9211200 3.73
5 26 2004 49.01 50 48.8 49.98 9505200 3.81
5 27 2004 50.05 52.17 50.05 51.51 11317200 3.93
5 28 2004 51.9 51.9 50.4 50.7 7642800 3.86
6 1 2004 50.25 50.4 49.52 50.1 6968400 3.82
6 2 2004 50.1 50.8 49.15 49.2 10650000 3.75
6 3 2004 49.21 49.21 47.63 47.65 11401200 3.63
6 4 2004 48.25 49.6 48.25 49.38 4251600 3.76
6 7 2004 50.7 51.94 50.5 51.81 3295200 3.95
6 8 2004 50.65 51.3 50.65 51 2514000 3.89
6 9 2004 51 51 48.45 48.84 11222400 3.72
6 10 2004 49 49.71 48.95 49.65 4348800 3.78
6 14 2004 47.85 48 46.64 46.81 6004800 3.57
6 15 2004 47.5 47.76 45.35 45.35 18397200 3.46
6 16 2004 44.6 45.01 43.55 44 25042800 3.35
6 17 2004 44.65 45.81 44.53 45.42 13284000 3.46
6 18 2004 45.15 46.17 45.02 45.95 6314400 3.5
6 21 2004 46.05 46.4 45.01 45.4 14083200 3.46
6 22 2004 45.15 45.5 44.7 45.5 5733600 3.47
6 23 2004 45.2 46.68 44.85 46.68 7204800 3.56
6 24 2004 46.77 48.5 46.77 48.3 10708800 3.68
6 25 2004 48.05 49.16 47.97 49 10266000 3.73
6 28 2004 48.75 48.75 46.02 46.3 12934800 3.53
6 29 2004 46.5 47.4 46.13 46.77 7813200 3.56
6 30 2004 46.3 47.65 46.17 47.55 5509200 3.62
7 1 2004 47.75 47.79 46.25 46.85 5234400 3.57
7 2 2004 47.5 47.93 47.05 47.3 2374800 3.6
7 6 2004 47.75 47.8 46.2 46.4 5906400 3.54
7 7 2004 47 49.51 47 49 9801600 3.73
7 8 2004 48.45 48.85 47.55 47.55 5580000 3.62
7 9 2004 47.55 47.89 47.42 47.6 4224000 3.63
7 12 2004 48.1 48.1 47.36 48 4570800 3.66
7 13 2004 48.6 49.2 48.4 49 5565600 3.73
7 14 2004 49 49.98 48.6 49.5 9505200 3.77
7 15 2004 49.9 53.35 49.9 52.01 27421200 3.96
7 16 2004 53 54.36 52.65 53.95 16167600 4.11
7 19 2004 53.95 53.95 52.75 52.75 9339600 4.02
7 20 2004 52.8 53.8 52.63 53.8 9093600 4.1
7 21 2004 53.9 55.7 51.7 51.7 15657600 3.94
7 22 2004 51.71 52.2 50.5 51.35 10449600 3.91
7 23 2004 50.95 51.4 49.9 50.3 7225200 3.83
7 26 2004 50.8 50.8 49.39 49.57 3079200 3.78
7 27 2004 49.82 51.15 49.62 51.1 4522800 3.89
7 28 2004 51.1 52.93 51.1 52.51 4977600 4
7 29 2004 52.96 53.63 52.8 53.63 5048400 4.09
7 30 2004 54.05 54.25 53.6 53.9 6178800 4.11
8 2 2004 53.2 53.96 52.61 53.93 2120400 4.11
8 3 2004 53.45 54.12 53.4 53.56 4251600 4.08
8 4 2004 52.5 53.7 52.2 52.2 5535600 3.98
8 5 2004 52.2 53.55 51.2 51.55 5276400 3.93
8 6 2004 51 52.7 51 51.98 5378400 3.96
8 9 2004 52.7 53.03 51.8 51.8 3308400 3.95
8 10 2004 52.25 53.45 52.25 53.19 4808400 4.05
8 11 2004 52.7 53.18 52.08 52.65 3408000 4.01
8 12 2004 53.9 54.4 53.46 53.55 10533600 4.08
8 13 2004 54.05 54.05 53.43 53.65 5318400 4.09
8 16 2004 54 55.25 53.99 54.98 8792400 4.19
8 17 2004 55.05 56.9 55.05 56.48 7356000 4.3
8 18 2004 56.25 57.55 55.95 57.38 5667600 4.37
8 19 2004 57.35 59.02 57.35 58.51 7695600 4.46
8 20 2004 58.51 58.51 55.9 57.84 11029200 4.41
8 23 2004 57.83 57.85 56.02 56.27 5433600 4.29
8 24 2004 56.9 57.34 55.23 55.31 6732000 4.22
8 25 2004 55.06 57.12 54.55 56.74 7832400 4.32
8 26 2004 56.5 56.95 56 56.34 4689600 4.29
8 27 2004 56.34 56.9 56 56.78 4484400 4.33
8 30 2004 56.32 57.21 56.3 56.9 3021600 4.34
8 31 2004 57.15 57.83 57.1 57.77 3776400 4.4
9 1 2004 57.45 58.2 56.9 57.45 3792000 4.38
9 2 2004 56.8 58.08 56.8 57.5 4704000 4.38
9 3 2004 57.6 58 57.54 57.82 2307600 4.41
9 7 2004 19.81 20.25 19.45 19.86 3122400 4.54
9 8 2004 19.8 19.97 19.63 19.76 2942400 4.52
9 9 2004 19.92 20.19 19.71 19.92 8817200 4.55
9 10 2004 19.96 19.96 19.58 19.59 6381200 4.48
9 13 2004 19.8 20 19.68 19.68 4882400 4.5
9 14 2004 19.61 20.39 19.55 20.36 4809600 4.66
9 15 2004 20.48 20.73 20.21 20.36 9315600 4.66
9 16 2004 20.55 20.55 20.19 20.22 5318400 4.62
9 17 2004 20.73 20.87 20.5 20.68 13020000 4.73
9 20 2004 21.01 21.25 20.7 20.74 5228800 4.74
9 21 2004 20.8 21.08 20.57 20.76 5645200 4.75
9 22 2004 20.8 20.86 20.41 20.55 7414400 4.7
9 23 2004 20.69 20.69 20.11 20.17 7559600 4.61
9 24 2004 20.29 20.85 20.2 20.6 8872800 4.71
9 27 2004 20.28 20.46 20.02 20.03 4690800 4.58
9 28 2004 20.9 22.18 20.5 21.75 25660000 4.97
9 29 2004 22 22.75 21.7 22.66 19795200 5.18
9 30 2004 22.66 22.7 22.37 22.47 8680400 5.14
10 1 2004 22.75 22.97 22.7 22.74 9776400 5.2
10 4 2004 23 23.44 22.95 23.2 15578800 5.3
10 5 2004 23.4 24 23.3 23.64 11332400 5.41
10 6 2004 23.21 23.49 23.2 23.3 6983200 5.33
10 7 2004 23.22 23.22 22.52 22.94 5233600 5.25
10 8 2004 23 23.05 22.38 22.41 4336800 5.12
10 11 2004 22.64 22.79 22.24 22.43 1646000 5.13
10 12 2004 22.43 22.44 21 21.75 10675200 4.97
10 13 2004 21.9 21.91 20.28 20.84 14973200 4.76
10 14 2004 20.3 20.5 20.24 20.32 7701600 4.75
10 15 2004 20.96 21.75 20.96 21.65 8742800 5.06
10 18 2004 22.05 22.09 21.21 21.27 3938800 4.97
10 19 2004 21.55 21.55 20.37 20.55 6044000 4.8
10 20 2004 20.35 20.81 20.35 20.77 6954800 4.85
10 21 2004 20.89 21.84 20.81 21.55 6056400 5.04
10 22 2004 21.85 21.87 21.29 21.35 6924000 4.99
10 25 2004 21.35 21.5 21.02 21.24 5910400 4.96
10 26 2004 21.72 21.93 21.38 21.8 9966000 5.09
10 27 2004 21.9 22.14 21.54 21.78 5766400 5.09
10 28 2004 21 21.01 20.5 20.78 12984000 4.86
10 29 2004 20.9 21.23 20.85 21.16 5952800 4.94
11 1 2004 21.3 21.34 21.03 21.3 2853200 4.98
11 2 2004 21.28 21.33 20.91 20.99 4422000 4.91
11 3 2004 21.51 21.94 21.28 21.71 6363600 5.07
11 4 2004 21.75 22.08 21.7 21.84 7479600 5.1
11 5 2004 22.16 22.58 22.04 22.5 9239200 5.26
11 8 2004 22.01 22.6 22 22.5 9294000 5.26
11 9 2004 22.5 23.25 22.47 23.1 12398400 5.4
11 10 2004 23.26 23.47 22.9 22.9 6377600 5.35
11 11 2004 23.05 23.31 22.72 22.87 4831600 5.34
11 12 2004 23.11 24.37 23.1 24.16 7696800 5.65
11 15 2004 24.39 24.45 24.1 24.42 4100400 5.71
11 16 2004 24 24 23.08 23.08 10894000 5.39
11 17 2004 23.6 24.25 23.4 24.04 12477200 5.62
11 18 2004 24.04 24.05 23.28 23.65 3667600 5.53
11 19 2004 23.55 24.1 23.3 24 4604800 5.61
11 22 2004 24.01 24.02 23.43 23.74 11699200 5.55
11 23 2004 23.8 24.15 23.73 23.75 8224400 5.55
11 24 2004 23.65 24.06 23.63 24.06 6109600 5.62
11 26 2004 24.24 25.08 24.19 24.9 7157600 5.82
11 29 2004 24.9 24.97 24.4 24.48 8368800 5.72
11 30 2004 24.51 24.95 24.51 24.82 6084800 5.8
12 1 2004 25.25 25.25 24.55 24.74 3824000 5.78
12 2 2004 25.05 25.05 23.94 24.19 9190000 5.65
12 3 2004 24.54 24.6 24.33 24.4 10328400 5.7
12 6 2004 24.62 24.85 23.85 23.97 10437200 5.6
12 7 2004 23.85 23.86 23.55 23.76 5572400 5.55
12 8 2004 23.35 23.95 23.33 23.7 5546400 5.54
12 9 2004 23.65 24.12 23.4 24.11 3858400 5.63
12 10 2004 24.12 24.85 23.82 24.67 8568400 5.77
12 13 2004 24.95 25.37 24.92 25.37 5260800 5.93
12 14 2004 25.29 25.3 24.86 25.14 5762000 5.87
12 15 2004 25.35 25.49 24.99 25.33 10058400 5.92
12 16 2004 25.5 26.5 25.5 26.26 8675600 6.14
12 17 2004 26.5 26.6 25.9 26.47 7415200 6.19
12 20 2004 26.46 26.86 26.3 26.7 7014800 6.24
12 21 2004 27.15 27.93 26.97 27.81 10699200 6.5
12 22 2004 27.7 28.25 27.65 28.07 10605600 6.56
12 23 2004 28.1 28.19 27.58 27.81 5131200 6.5
12 27 2004 28.2 28.2 27.58 27.86 3016800 6.51
12 28 2004 27.93 29.02 27.82 28.99 4461200 6.77
12 29 2004 29 29 28.65 28.95 3854000 6.77
12 30 2004 28.96 28.96 28.4 28.61 4279600 6.69
12 31 2004 28.62 29.25 28.46 29.01 2328800 6.78
1 3 2005 29.15 29.17 27.74 28 7932800 6.54
1 4 2005 27.81 27.85 26.49 26.68 11647600 6.23
1 5 2005 26.68 26.84 26 26.05 11262000 6.09
1 6 2005 26.2 26.37 25.43 26.05 10172800 6.09
1 7 2005 26.99 27.25 26.25 26.68 13410400 6.23
1 10 2005 27 27.13 26.45 26.48 5614400 6.19
1 11 2005 26.48 26.55 26.02 26.29 5912400 6.14
1 12 2005 26.69 26.75 25.64 26.67 11988400 6.23
1 13 2005 27 27.88 26.6 27.41 9980000 6.41
1 14 2005 27.85 29.3 27.79 29.03 13966000 6.78
1 18 2005 29 29.15 28.66 28.98 8870000 6.77
1 19 2005 28.76 28.93 28.35 28.37 7323200 6.63
1 20 2005 28 28.75 27.25 27.98 8262400 6.54
1 21 2005 28.95 30.55 28.91 29.69 24743200 6.94
1 24 2005 30.3 31.14 30.3 30.5 14048400 7.13
1 25 2005 31.05 31.1 29.91 29.92 9486000 6.99
1 26 2005 30.55 30.89 30.05 30.69 10521600 7.17
1 27 2005 30.34 30.39 29.82 30.3 9766000 7.08
1 28 2005 30.02 30.08 29.8 29.92 4389200 6.99
1 31 2005 30.48 31.09 29.93 30.25 6846400 7.07
2 1 2005 30.26 30.99 30.26 30.65 9588400 7.16
2 2 2005 30.85 30.85 30.26 30.35 6449200 7.09
2 3 2005 30.25 30.27 29.6 29.86 7775600 6.98
2 4 2005 30.05 30.18 29.29 29.69 10649600 6.94
2 7 2005 29.9 30.11 29.79 29.98 5567200 7.01
2 8 2005 30.15 30.22 29.83 30 3424800 7.01
2 9 2005 29.9 30.15 29.19 29.35 10168000 6.86
2 10 2005 29.55 29.59 28.79 29.1 12990000 6.8
2 11 2005 29.35 29.47 29 29 11805200 6.78
2 14 2005 29.3 30.09 29.15 29.99 6762400 7.01
2 15 2005 30.2 30.69 30.12 30.47 6379600 7.12
2 16 2005 30.2 30.49 30.19 30.38 8313200 7.1
2 17 2005 30.7 31.5 30.48 31.23 12158800 7.3
2 18 2005 31.4 32.08 31.25 31.99 13200400 7.48
2 22 2005 34.3 35.02 33.22 33.41 25673600 7.81
2 23 2005 34.49 35.2 34.35 34.9 19398000 8.16
2 24 2005 36 36.56 35.5 36.55 17227200 8.54
2 25 2005 36.35 36.45 34.91 35.57 20283200 8.31
2 28 2005 36 36.36 34.65 35 34404000 8.18
3 1 2005 35.01 35.06 33.49 33.51 14524400 7.83
3 2 2005 33 34.4 32.94 34.09 13755600 7.97
3 3 2005 35.38 35.5 34.3 34.67 15214400 8.1
3 4 2005 35 36.1 35 36.1 20829200 8.44
3 7 2005 36.6 36.61 35.21 35.35 11015600 8.26
3 8 2005 35.35 35.35 34.01 34.56 11281200 8.08
3 9 2005 34.75 34.85 34.11 34.26 9818000 8.01
3 10 2005 33.5 33.65 32.39 33.16 18725200 7.75
3 11 2005 33.4 34.27 33.13 33.37 10517600 7.8
3 14 2005 33.35 33.35 31.78 32.51 9902000 7.6
3 15 2005 32.55 32.97 31.63 32.11 11854000 7.5
3 16 2005 32.02 32.08 31.4 31.91 11971600 7.46
3 17 2005 31.8 33.79 31.6 33.68 12779600 7.87
3 18 2005 33.7 33.95 33.05 33.64 12030000 7.86
3 21 2005 33.9 33.95 32.82 33 10408000 7.71
3 22 2005 32.63 33.74 32.32 32.7 14277600 7.64
3 23 2005 32.95 32.95 30.33 30.56 19662400 7.14
3 24 2005 31.1 32.11 31.08 31.6 22084800 7.38
3 28 2005 31.63 31.93 30.6 30.93 8722000 7.23
3 29 2005 31.27 31.48 29.58 29.61 18598400 6.92
3 30 2005 30 31 29.91 30.84 14418800 7.21
3 31 2005 32.25 32.3 31.27 31.61 9696000 7.39
4 1 2005 32.95 33 31.65 32 11469600 7.48
4 4 2005 31.31 31.4 30.85 31 8190400 7.24
4 5 2005 31.4 31.89 30.65 30.8 8335200 7.2
4 6 2005 31.05 31.48 30.74 30.79 8156800 7.2
4 7 2005 30.9 31.5 30.61 31.47 7915200 7.35
4 8 2005 31.5 31.87 31.15 31.5 7700800 7.36
4 11 2005 31.25 31.55 31.01 31.22 4997200 7.3
4 12 2005 31.15 31.2 30.18 30.7 13349200 7.17
4 13 2005 30.7 30.75 29.28 29.41 18125600 6.87
4 14 2005 29.4 29.4 27.6 27.81 24384000 6.5
4 15 2005 27.3 28.3 26.85 26.96 15355600 6.4
4 18 2005 26.75 27.8 26.68 27.34 20411600 6.49
4 19 2005 27.85 28.74 27.85 28.59 14974000 6.79
4 20 2005 29.11 29.12 28.17 28.25 12472800 6.71
4 21 2005 28.75 29.15 28.06 29.15 6525200 6.92
4 22 2005 29.2 29.2 27.95 28.25 7407600 6.71
4 25 2005 28.4 29.58 28.3 29.46 7492000 6.99
4 26 2005 28.8 29.49 28.55 28.64 7848400 6.8
4 27 2005 28.45 28.45 27.8 28.17 7858000 6.69
4 28 2005 27.75 27.78 26.22 26.6 20443200 6.31
4 29 2005 27.1 27.42 26.13 26.95 15444000 6.4
5 2 2005 27.15 27.21 26.5 27.02 6410000 6.41
5 3 2005 26.75 27.65 26.71 27.05 7089200 6.42
5 4 2005 27.4 28.2 27.22 28 10513600 6.65
5 5 2005 28.15 28.55 27.4 27.69 10174000 6.57
5 6 2005 28.35 28.7 27.92 28.1 11716400 6.67
5 9 2005 28.2 28.65 27.98 28.57 6312000 6.78
5 10 2005 28.46 28.46 27.3 27.56 7165600 6.54
5 11 2005 27.56 27.65 26.8 27.56 7191200 6.54
5 12 2005 27.38 27.38 25.84 26.15 18815200 6.21
5 13 2005 26.1 26.35 25.02 25.6 18668400 6.08
5 16 2005 25.6 26.91 25.6 26.8 8546400 6.36
5 17 2005 26.54 27.11 26.37 27.03 9100400 6.42
5 18 2005 27.75 28.81 27.63 28.65 14076000 6.8
5 19 2005 28.8 28.9 28.17 28.78 12583200 6.83
5 20 2005 28.71 28.71 28.06 28.22 4976800 6.7
5 23 2005 28.35 28.71 28.27 28.62 5744400 6.79
5 24 2005 28.5 29.33 28.31 29.33 6666000 6.96
5 25 2005 29.25 29.25 28.54 29 7364000 6.88
5 26 2005 29 29.81 28.94 29.7 5341200 7.05
5 27 2005 29.43 29.94 29.2 29.61 6686000 7.03
5 31 2005 29.62 29.75 28.83 29.03 7146400 6.89
6 1 2005 28.7 29.77 28.65 29.36 7572000 6.97
6 2 2005 29.37 30.2 29.36 29.85 12293200 7.09
6 3 2005 30.3 30.3 29.86 29.93 7517200 7.11
6 6 2005 29.01 29.25 28.61 29.14 9628000 6.92
6 7 2005 28.45 29.28 28.22 28.5 10208800 6.77
6 8 2005 28.75 29.13 28.25 28.4 7866000 6.74
6 9 2005 28 28 27.1 27.61 11537600 6.55
6 10 2005 27.88 28.18 27.45 27.92 8342000 6.63
6 13 2005 28.1 28.38 27.77 28.01 6246400 6.65
6 14 2005 28.4 28.61 27.45 28.6 13041600 6.79
6 15 2005 28.3 29 27.8 28.89 8852800 6.86
6 16 2005 29.6 30.4 29.49 30.23 16663200 7.18
6 17 2005 31.1 31.19 30.67 30.76 13030800 7.3
6 20 2005 30.74 30.75 30.05 30.45 10360800 7.23
6 21 2005 30.4 30.4 29.62 29.84 12829200 7.08
6 22 2005 29.78 29.99 29 29.42 8036800 6.98
6 23 2005 29.25 29.25 28.05 28.36 11672000 6.73
6 24 2005 28.25 28.35 27.83 27.98 11114400 6.64
6 27 2005 27.8 29.19 27.61 28.85 12819200 6.85
6 28 2005 29.1 29.95 29.05 29.57 8402800 7.02
6 29 2005 29.75 30.1 29.57 29.67 5508800 7.04
6 30 2005 29.58 29.95 29.28 29.28 7819200 6.95
7 1 2005 29.68 29.97 29.61 29.97 4760800 7.11
7 5 2005 29.81 29.99 29.33 29.51 4287200 7.01
7 6 2005 29.3 30.22 29.1 30.01 10656800 7.12
7 7 2005 29.33 30.22 29.21 30.18 5303200 7.16
7 8 2005 30.5 31.46 30.47 31.05 13116000 7.37
7 11 2005 31.69 32.2 31.6 31.67 10546400 7.52
7 12 2005 31.5 31.66 31.28 31.47 8002000 7.47
7 13 2005 31.53 31.95 31.53 31.81 8039600 7.55
7 14 2005 31.97 32.09 31.45 31.53 11250000 7.49
7 15 2005 31.25 31.25 30.88 30.95 6407200 7.35
7 18 2005 30.9 31.3 30.66 31.06 6265200 7.37
7 19 2005 30.88 31.69 30.73 31.49 7110000 7.48
7 20 2005 31.5 32.56 31.33 32.5 17390400 7.72
7 21 2005 32.8 33.12 32.05 33.1 13470800 7.86
7 22 2005 33 33.25 32.69 33.22 11947200 7.89
7 25 2005 32.49 32.71 31.35 31.9 10392000 7.57
7 26 2005 31.6 31.99 31.26 31.79 8158000 7.55
7 27 2005 32.16 32.22 31.52 31.9 6985200 7.57
7 28 2005 32.3 33 32.22 32.69 9444000 7.76
7 29 2005 33.06 33.07 32.25 32.56 8696000 7.73
8 1 2005 32.96 33.15 32.6 33 5333200 7.83
8 2 2005 33.27 33.94 33.27 33.85 13173600 8.04
8 3 2005 34.35 34.68 33.85 34.4 14742800 8.17
8 4 2005 34.38 34.5 33.85 34.09 9037200 8.09
8 5 2005 34.3 34.5 33.36 33.78 9431600 8.02
8 8 2005 34.19 34.9 34.11 34.27 8554400 8.14
8 9 2005 35 35.7 34.86 35.3 12291600 8.38
8 10 2005 35.55 36.21 35.37 35.93 16628000 8.53
8 11 2005 36.4 36.43 34.6 34.85 15566800 8.27
8 12 2005 33.75 34.75 33.5 34.67 11052800 8.23
8 15 2005 34.9 35.33 34.69 35.28 5233600 8.38
8 16 2005 35.55 35.55 34 34.16 7908400 8.11
8 17 2005 33.97 34.35 33.9 34.16 6091200 8.11
8 18 2005 34.15 34.16 33.2 33.31 8472400 7.91
8 19 2005 33.69 34.09 32.54 33.15 16584400 7.87
8 22 2005 33.81 34.79 33.7 34.59 11996400 8.21
8 23 2005 34.33 34.33 33.45 33.76 10370800 8.01
8 24 2005 33.1 33.35 32.23 32.48 13580800 7.71
8 25 2005 32.61 33.89 32.55 33.81 10208400 8.03
8 26 2005 33.75 33.89 32.95 33.43 11380800 7.94
8 29 2005 33.35 34.05 33.13 33.87 5525200 8.04
8 30 2005 34.19 34.35 33.54 33.96 6606400 8.06
8 31 2005 34.49 34.6 34.21 34.39 8858400 8.16
9 1 2005 34.65 34.91 34.3 34.91 9306800 8.29
9 2 2005 35.1 35.92 35.05 35.78 8892800 8.49
9 6 2005 36.25 36.46 35.84 36.34 8473200 8.63
9 7 2005 36.22 36.44 35.73 36.01 6230000 8.55
9 8 2005 36.24 36.37 36.02 36.25 5629600 8.61
9 9 2005 36.45 37.23 36.4 37.19 8778400 8.83
9 12 2005 37.19 37.55 36.7 37.2 9094800 8.83
9 13 2005 36.9 37.17 36.4 36.43 7979200 8.65
9 14 2005 36.33 36.98 36.3 36.6 8816800 8.69
9 15 2005 37.2 38.54 37.2 38.14 20289600 9.05
9 16 2005 38.68 39.92 38.63 39.85 10874000 9.46
9 19 2005 39.85 39.85 39.27 39.3 8797600 9.33
9 20 2005 39.3 39.69 39.05 39.22 9571600 9.31
9 21 2005 39.9 42.25 39.61 41.9 18841600 9.95
9 22 2005 41.9 41.95 40.6 41.86 12015600 9.94
9 23 2005 41.86 43.3 41.7 43.13 11356400 10.24
9 26 2005 43.14 44.11 42.1 43.89 11257200 10.42
9 27 2005 43.9 43.9 42.46 43.6 11421200 10.35
9 28 2005 43.9 44.85 43.85 44.04 10986400 10.46
9 29 2005 44.38 44.92 42.86 44.78 19127200 10.63
9 30 2005 44.5 44.83 43.72 43.86 12436000 10.41
10 3 2005 43.68 44.31 43.13 43.8 11171600 10.4
10 4 2005 43.65 43.8 42.41 42.6 10270800 10.11
10 5 2005 41.56 41.87 40.03 40.13 16888800 9.53
10 6 2005 39.05 39.54 37.2 38.03 28308400 9.03
10 7 2005 38.75 40.08 38.61 39.35 21871600 9.34
10 10 2005 40.25 41.12 40.15 40.78 16368400 9.68
10 11 2005 42 42.45 41.08 41.4 13306000 9.83
10 12 2005 41.4 41.7 38.83 39.37 13107600 9.35
10 13 2005 38.6 39.36 38.05 39.1 14008400 9.28
10 14 2005 39.65 39.95 37.8 39.88 17644400 9.47
10 17 2005 40.05 40.07 39.37 39.46 10174000 9.53
10 18 2005 39.85 39.94 38.23 38.23 9460400 9.24
10 19 2005 38.01 38.98 36.84 38.81 13115600 9.38
10 20 2005 39.2 39.42 36.7 36.85 14969200 8.9
10 21 2005 37.25 38.8 37 38.71 12205200 9.35
10 24 2005 38.81 39.88 38.8 39.77 10467600 9.61
10 25 2005 40.15 40.89 39 39.27 11342000 9.49
10 26 2005 39.35 40.37 39.1 39.56 9822800 9.56
10 27 2005 39.56 39.8 38.27 38.71 8414400 9.35
10 28 2005 39 40.13 39 39.84 8836000 9.63
10 31 2005 40.3 41.57 40.25 41.33 1.1e+07 9.99
11 1 2005 42.15 42.87 42.12 42.26 13330800 10.21
11 2 2005 42.3 43.3 41.8 42.94 5988400 10.37
11 3 2005 43.4 44.24 43.15 43.5 11005200 10.51
11 4 2005 43.79 43.79 41.57 42.91 8797200 10.37
11 7 2005 43.49 43.74 42.56 43.04 7236000 10.4
11 8 2005 43.01 43.54 42.51 43.1 7902800 10.41
11 9 2005 43 43.3 42.35 42.68 8921200 10.31
11 10 2005 41.45 41.75 40.55 41.3 22847600 9.98
11 11 2005 41.48 42.25 41.33 42.05 8666400 10.16
11 14 2005 40.79 41.85 40.73 41.29 7336400 9.98
11 15 2005 41.31 42.34 41.18 41.39 7206800 10
11 16 2005 41.58 42.39 41.18 42.36 8064400 10.23
11 17 2005 43.25 43.5 42.95 43.16 8240000 10.43
11 18 2005 42.88 43.14 42.25 42.7 6324000 10.32
11 21 2005 43.3 43.41 42.89 43.2 8574400 10.44
11 22 2005 42.16 43.8 41.76 43.79 13638000 10.58
11 23 2005 43.78 44.9 43.61 43.97 10747200 10.62
11 25 2005 44.2 44.68 43.99 44.59 3250400 10.77
11 28 2005 45 45.3 43.35 43.59 9648400 10.53
11 29 2005 44.05 44.48 43.45 43.61 9909600 10.54
11 30 2005 43.7 43.7 42.74 43.36 8249600 10.48
12 1 2005 43.57 44.94 43.51 44.94 13034800 10.86
12 2 2005 45.39 45.95 44.52 45.08 10624400 10.89
12 5 2005 45.08 45.08 44.05 44.1 8217600 10.66
12 6 2005 44.3 44.58 43.6 43.98 13174400 10.63
12 7 2005 43.75 44.06 41.91 42 13656000 10.15
12 8 2005 42.1 42.1 41.1 41.8 12536400 10.1
12 9 2005 42.16 42.41 41.5 42.22 8651200 10.2
12 12 2005 42.75 42.79 41.7 42.26 7734800 10.21
12 13 2005 41.75 42.5 41.7 42.2 6866000 10.2
12 14 2005 42.52 42.59 41.6 41.7 7241200 10.08
12 15 2005 41.35 41.5 40.6 41.23 8335600 9.96
12 16 2005 40.98 41.42 40.94 41.16 8212800 9.94
12 19 2005 40.3 41.03 39.5 40.12 12468800 9.69
12 20 2005 40.16 40.58 40.1 40.3 7496800 9.74
12 21 2005 41.1 41.93 40.95 41.48 12118400 10.02
12 22 2005 41.25 41.36 40.9 41.18 7444000 9.95
12 23 2005 41.2 41.46 40.8 41.15 4023200 9.94
12 27 2005 41.01 41.07 40.55 40.77 13465600 9.85
12 28 2005 40.5 41.24 40.33 40.89 8077600 9.88
12 29 2005 40.95 41.79 40.84 41.37 6251600 10
12 30 2005 41.4 41.53 41.05 41.14 4441600 9.94
1 3 2006 42.1 43.2 41.58 43 10802000 10.39
1 4 2006 43.54 44.43 43.21 44.12 12361200 10.66
1 5 2006 44.2 44.66 43.98 44.38 10270400 10.72
1 6 2006 44.5 45.2 44.49 45 10731200 10.87
1 9 2006 45.25 45.6 44.79 45.6 8924000 11.02
1 10 2006 44.69 45.6 44.34 45.5 10219600 10.99
1 11 2006 45.5 46.47 45.5 46.2 11306000 11.16
1 12 2006 47.49 48.14 46.96 47.57 28237200 11.49
1 13 2006 47.55 47.73 46.73 47.32 11889200 11.43
1 17 2006 47.75 47.81 46.5 46.97 11551600 11.35
1 18 2006 46.02 46.3 45.75 46.04 10631600 11.12
1 19 2006 46.9 48.05 46.71 47.94 15295200 11.58
1 20 2006 48.05 48.3 46.31 46.46 14889600 11.23
1 23 2006 46.85 47.19 46.35 47.18 9453600 11.4
1 24 2006 48.65 48.9 47.76 47.83 16176000 11.56
1 25 2006 48.3 49.84 47 47.58 16635600 11.5
1 26 2006 48 49.61 48 49.61 27510400 11.99
1 27 2006 49.47 50 49.25 49.8 16525200 12.03
1 30 2006 50.3 50.6 49.77 50.01 18090400 12.08
1 31 2006 49.72 51.59 49.2 51.27 25141200 12.39
2 1 2006 51 51.09 50.2 50.38 10876800 12.17
2 2 2006 50.74 50.9 48.25 49.3 24328400 11.91
2 3 2006 47.97 49.14 46.9 48.85 16555600 11.8
2 6 2006 49.48 49.75 49.05 49.6 6806000 11.98
2 7 2006 48.6 48.88 47.19 47.35 14728400 11.44
2 8 2006 46.75 47.6 45.68 47.41 13297600 11.45
2 9 2006 47.95 48.47 47.03 47.28 12482000 11.42
2 10 2006 48 48.09 46.1 46.83 15416400 11.31
2 13 2006 45.75 46.31 45.37 45.86 13334800 11.08
2 14 2006 46 47.29 45.5 47.05 14156800 11.37
2 15 2006 47.65 48.07 47.02 47.69 12081600 11.52
2 16 2006 47.45 48.32 46.52 47.9 23295600 11.57
2 17 2006 47.8 47.81 46.51 47.24 14384800 11.41
2 21 2006 47.5 47.7 46.48 46.8 12005200 11.31
2 22 2006 47.18 48.29 46.84 47.99 13571600 11.59
2 23 2006 48.06 48.8 47.1 48.44 11412400 11.7
2 24 2006 48.2 49.06 47.92 48.63 7330400 11.75
2 27 2006 49 49 47.33 47.51 8425600 11.48
2 28 2006 47.3 47.78 46.1 46.43 10209200 11.22
3 1 2006 46.54 48.48 46.54 48 13725600 11.6
3 2 2006 48.23 48.39 47.39 47.96 10600800 11.59
3 3 2006 47.97 48.03 47.1 47.9 9313600 11.57
3 6 2006 47.89 48.1 45.96 46.56 12453200 11.25
3 7 2006 45.8 45.9 43.6 44.74 22620800 10.81
3 8 2006 44.1 44.28 42.25 43.64 34836400 10.54
3 9 2006 44.15 44.8 41.86 42.28 24503600 10.22
3 10 2006 42.35 43.7 41.87 43.25 22026400 10.45
3 13 2006 43.62 44.15 43.13 43.32 13042800 10.47
3 14 2006 42.85 44.31 42.85 44.14 10960800 10.66
3 15 2006 44.93 45.32 44.6 45.11 14837200 10.9
3 16 2006 45.56 45.79 44.3 45 13212000 10.87
3 17 2006 45.28 45.29 44.5 44.92 8528000 10.85
3 20 2006 45.25 45.45 44.58 44.9 6953200 10.85
3 21 2006 44.89 45.04 43.76 44.15 10723200 10.67
3 22 2006 43.99 44.65 43.89 44.22 10474000 10.68
3 23 2006 44.85 44.96 43.9 44 12442800 10.63
3 24 2006 44.9 45.52 44.45 45.28 15496800 10.94
3 27 2006 45.53 46.25 44.94 45.84 12824400 11.08
3 28 2006 45.3 46.25 44.71 45.06 16418800 10.89
3 29 2006 45.57 46.84 45.35 46.54 12870800 11.24
3 30 2006 48 48.96 47.65 48.26 24356000 11.66
3 31 2006 47.83 48.64 47.51 48.53 10900000 11.73
