   2.5868
   0.3233
   1.6151
   1.2913
  19.8153
   0.6390
   3.8266
   6.9907
   1.2702
   4.7519
  16.9604
   3.7618
   3.7547
   6.8597
   3.1131
   1.2445
   5.8936
   4.1240
   4.6955
   9.8991
   6.1806
   0.7721
   1.9273
   9.3729
   2.1006
   1.5258
   3.4237
   1.8992
   3.0313
   7.1582
   3.0512
   1.1229
   2.8797
   1.5975
   2.2318
  11.1996
   0.1577
   2.3605
   4.0760
   2.8144
   5.2897
   2.4835
   4.4824
   4.0037
   2.1515
   3.9807
   1.2234
   4.5683
  17.6714
   2.2417
   9.6265
   0.5921
   3.9817
  12.8221
  29.3389
   0.7082
  14.5327
   0.6982
   5.2808
   3.1869
   0.4155
   1.6595
   0.2765
   0.8289
   1.2420
   3.7132
   0.4124
   3.5626
   3.2787
   0.2732
   8.5373
   0.6771
   7.3983
   2.1480
   1.7425
   1.7398
   0.8024
   3.3331
   5.8353
   0.6627
   3.8304
  43.4220
   3.6701
   6.6681
   0.3773
   0.3772
   0.5027
   4.0075
   6.7232
   3.9704
   0.7440
   9.2257
   1.4742
   1.2272
   1.7156
   5.1243
   2.9209
   3.7608
   3.2665
   0.1210
  13.1594
   4.8849
   0.2382
   0.1191
   1.5464
   2.2559
   1.5416
  10.2299
   0.7051
   6.8947
   2.0999
   8.2281
   0.8107
   0.3473
   0.1158
   1.7342
   0.4623
   4.4910
   7.0996
   7.7395
   0.2276
  18.7308
   9.7975
   0.5564
   7.8556
   4.1915
   0.7717
   4.0668
   0.6592
   0.6589
   3.2865
   6.7592
   0.4360
   4.5627
   0.1086
   3.8999
   8.1864
   0.4307
   4.1877
   0.4294
   1.5013
   5.9810
   0.5338
   7.6481
   6.2417
   2.2184
   0.5280
   2.5304
   3.6814
   2.5204
   3.4580
   0.3143
   0.2095
   5.7410
   1.6684
   1.0421
   1.3536
   3.1177
   2.1796
   0.5188
   0.2075
   0.9332
   4.9623
   1.2397
   4.0194
   0.1031
   3.7021
   2.8747
   5.4247
  10.0766
   8.0065
   0.4053
   0.1013
   5.3550
   4.5361
   0.8061
   7.6286
   7.8993
   1.7983
   0.1998
   0.1998
  11.4263
   1.0924
   1.5878
   2.5773
   4.9456
   0.3956
   3.8506
   1.7759
   0.4932
   1.3801
   0.9854
   4.1318
  10.0923
   0.3919
   9.2748
   1.9512
   0.3902
   1.6573
   3.0190
   0.0974
   2.5297
  10.7615
   1.6473
   0.6781
   0.0969
   0.3875
   0.0969
   0.2906
   0.5810
   7.4394
   2.1242
   2.2194
   0.0965
   9.8157
   0.4811
   0.1924
   9.8856
   0.3839
   0.4798
   0.7675
   0.2878
   1.5344
   0.1918
   1.1504
   0.0959
   4.2142
   0.2873
   0.3830
   1.5317
   1.2442
   0.2871
   0.1914
   2.2000
   0.3826
   5.2550
   3.1511
   0.4774
  10.5792
   1.7151
   1.4289
   1.1429
  12.6462
   1.9963
  19.0741
  11.1907
   4.9306
   9.6698
   3.4128
   5.7831
   7.6806
   4.7420
  12.1481
   0.0949
   3.6075
   3.9886
   3.0398
  14.9398
  12.5843
   0.5721
  10.8902
   0.1911
   1.4334
   3.3467
   3.0618
   2.0101
   1.5320
  21.9471
   0.5776
   0.0963
   0.3851
   0.9631
   0.1926
   0.3853
   1.3491
   1.0603
   3.3768
   0.7720
   9.9826
   6.0930
   0.3432
   0.3432
   0.2573
   2.2280
   0.7710
   1.9685
   1.6250
   0.0855
   0.3420
   1.5381
   5.7956
   9.0836
   0.4244
   0.5940
   0.9330
   0.5088
   0.2544
   1.4406
   4.9049
   0.4228
   2.2807
   1.1820
   1.0127
   0.3375
   3.4548
   3.6179
   3.0253
   0.1681
   0.5041
   1.6791
   6.1140
   9.4296
   0.5006
   4.8302
   2.4129
  11.6818
   1.5733
   0.9105
   6.5244
   1.4858
   3.6275
   7.8115
   3.8597
  18.0462
   2.1217
   1.5498
   1.0600
   4.9668
   5.3657
   7.5449
   4.6185
  14.5306
   5.1599
   0.4031
   5.3140
   2.9771
   8.9135
   3.5306
   1.1231
   2.3254
   6.7264
  14.9329
   0.4791
   8.1334
   0.1595
   5.3379
   0.7966
   0.8761
   0.3186
   0.7167
   1.5128
   8.0323
   0.1591
   2.6234
   0.2385
   7.6242
   5.8730
   3.5700
   0.3173
   4.9160
   5.8642
   0.3170
   2.9313
   0.0792
   0.7130
   0.7921
   2.1384
  13.1348
   8.3043
   0.5536
   4.6651
   0.3954
   1.7394
   6.0076
   3.1616
   0.2371
   2.6872
   2.2919
   9.6411
   2.1337
   5.1368
   4.1096
   3.3985
   0.3952
   3.6360
   0.7904
   1.4229
   2.9250
   7.4333
   0.3163
   7.2779
   8.3897
   0.1583
  12.5177
   0.2377
   1.2678
   3.8840
   0.2378
   1.0306
   0.7135
   0.0793
   3.3309
   3.9670
   1.3490
   1.6667
   0.5556
   1.7465
   1.6675
   0.4764
   1.3501
   0.4766
   1.0327
   4.2918
   1.7489
   0.3975
  14.1000
   0.3983
   0.0797
   5.9807
   2.3932
   1.6757
   0.2394
   2.9541
   2.5560
   0.3195
   0.9587
   0.0799
   0.9589
   0.4795
   0.6394
   4.2393
   3.5218
   0.2401
   0.3202
   0.9608
   0.2402
   0.7207
   0.8009
   0.3204
   0.4005
   0.9614
   3.6882
   0.7217
   0.7218
   1.6046
   2.0066
   4.5794
   2.8941
   0.1608
   0.4020
   1.2064
   0.0804
   0.4022
   1.2068
   2.5761
   0.2415
   2.6584
   1.7730
   0.4836
   1.0481
   0.0806
   1.3710
   2.6631
   0.6457
   2.4228
   3.7185
   0.1617
   0.4851
   6.3166
   2.6743
   0.4052
   6.4139
   0.1624
   0.2436
  15.8240
   8.7508
   9.0217
   4.0240
   0.2464
   5.9248
   0.2469
   0.0823
   4.5333
   1.4844
   0.0825
   0.3299
   0.0825
   1.5679
   3.3047
   4.2197
   3.8112
   3.1519
  11.4114
   0.1666
   1.2501
   3.0872
   0.0834
   0.1669
   0.3338
   2.0880
   4.0991
   4.0217
   0.1676
   0.0838
   2.6843
   0.1678
   0.0839
   5.2964
   0.6727
   4.7182
   0.3371
   1.4333
   0.5060
   0.5905
   3.0405
   2.0287
   1.6918
   0.7616
   9.3450
   4.5967
   0.2554
   5.0340
   0.4267
   7.1056
   2.4855
  12.0653
   8.6531
   8.6019
   0.5215
   0.3477
   3.3084
   0.7839
   1.2201
   2.6178
   0.6110
   0.6985
  10.4448
  16.7306
   0.3541
   1.8611
   2.7513
   1.3322
  18.9286
   4.4062
   1.5300
   0.3601
   0.8105
   0.4504
   0.7209
   2.9786
   0.5417
   2.5316
   0.0904
   0.3618
   7.8114
   2.8202
   7.8586
   0.4570
   9.3731
   6.1788
   7.2236
   1.3903
   1.3914
   8.2026
   6.2685
   2.7177
   5.2645
   5.7546
  15.5234
   1.6206
   0.4768
   1.5272
   0.8595
   1.0512
   1.2433
   2.4904
   2.5904
   2.9797
   1.3468
   4.4376
  15.9818
   0.3899
   0.1950
   5.0858
   1.7625
   2.2553
   7.0926
   0.5913
   0.4929
   1.7765
   2.6693
   8.6499
   1.8914
   2.7925
   0.9980
   0.1996
   4.7056
   3.8142
   6.2490
   4.1439
   4.1554
   0.2027
   0.3042
   0.6086
   1.3197
   0.4062
   0.3047
   4.4824
   1.0194
   1.3264
  11.3097
   0.5143
   0.6174
   5.2665
   0.6198
   2.7946
   0.1035
   9.5858
  17.6121
  10.7312
   2.4479
   4.8055
   2.6747
   3.5394
   4.3032
   9.3126
  30.4967
   0.4123
   0.6187
   8.5106
  15.4390
   6.8632
   5.7271
   0.9552
   2.8721
   5.4482
   5.5792
   2.9035
   1.8307
   1.6174
   0.6473
   0.6476
   3.3548
   1.5169
   5.8778
   2.8363
   1.5291
   3.7244
  11.4953
   0.6635
   0.2212
   0.3319
   1.7727
   0.7760
   0.2218
   1.6654
   0.3332
   2.1136
   0.3338
   1.0022
   0.5570
   9.0887
   3.6008
   7.0153
   0.5660
   0.4530
   2.2689
   2.5007
   1.5934
   0.5693
   0.1139
   0.7976
   0.3419
   4.3461
   2.4064
   2.1809
   0.6891
   2.3012
   6.5927
   0.2314
   5.3440
   2.6777
   3.1512
   0.3502
   0.5840
   3.2789
   4.7016
   2.2373
   0.6423
   0.9630
   0.6418
   1.9235
   4.7971
   1.2784
   2.8723
   0.6381
  12.0497
   1.5842
   5.6868
  12.2453
  10.6181
  13.0300
   1.5745
   0.9833
   2.3555
   2.3510
   4.1009
   4.2815
   3.1061
   1.9383
   3.0936
   9.4031
   0.1919
   4.3975
   4.0023
   0.7619
   3.4190
   4.1649
   0.7568
   6.5871
   6.8742
  14.6634
   3.3009
   2.1960
   0.9403
   2.3457
   1.8732
   0.1561
   1.5585
   3.2629
   7.0998
   3.5381
   6.4221
   1.2219
   6.9798
   2.5733
   0.4539
   6.6162
   4.6412
   0.1497
   6.5463
   0.5948
   5.4737
   8.6578
  16.4719
   1.4430
   5.8838
   2.7198
   0.5723
   7.3886
   2.8343
   1.4153
   2.8232
   4.9181
   2.8031
   7.1010
   0.9738
   1.6668
   1.2486
   0.4160
   3.0425
  12.8465
   0.8194
   0.2731
   0.9549
   8.3924
   1.7569
   1.6193
   3.6315
  16.4293
   0.5297
   2.9058
   3.2923
   0.2633
   0.2633
   1.8397
   2.2295
  20.5969
   0.5147
   0.2573
   0.5143
   2.8217
   0.5128
   0.7687
   1.1519
   8.7625
   0.2539
   3.2915
   5.6685
   0.3778
   0.2518
   0.7549
   0.2516
  13.3032
   0.6213
   7.2853
  12.5811
  38.5335
   0.4726
   2.3585
   0.9427
   4.1104
  10.0177
   2.0932
   1.1618
   1.7403
  10.8117
   1.0343
   0.9187
   1.6057
   3.5456
   2.0554
   2.7347
   6.4624
  22.0719
   0.3343
   2.3363
   0.1112
   1.4446
   6.7448
   0.7735
   4.2962
   1.5405
  11.3504
   1.6352
   0.1090
   2.8284
   6.6051
   4.3183
   0.9710
   0.3236
   9.7499
   4.4864
   3.5167
  22.7841
   1.7829
   0.7338
   4.3908
   5.3143
  33.7109
   0.1022
   1.8368
   1.4275
   0.5097
   0.6114
  10.1348
  10.2824
   6.5310
   7.7075
   3.3978
   2.3957
   3.0900
   3.8804
   7.0420
  32.9726
   0.5869
   9.6501
   0.9744
   9.2278
   7.5579
   0.0969
   0.1938
   1.3558
   3.2894
   0.4837
   1.7403
   0.6766
   5.2119
   1.6400
   1.9284
   1.5420
  12.9668
  12.5459
   1.8189
   0.5743
   1.1484
   1.0524
   1.4347
   0.1913
   4.4913
   0.8599
   0.1911
   2.6738
   1.4320
  12.5752
   0.0953
  11.0339
   1.9019
   1.3312
   2.9465
   0.2851
   5.9842
   5.1269
   9.7722
   6.0701
   1.9916
   6.6370
   7.2998
   2.6544
   0.5688
   2.5596
  11.6631
   4.2677
   0.0948
   7.0205
   0.5692
   0.2846
   1.3284
   1.0438
   3.6068
   4.1777
   3.0392
   3.3252
   0.4751
   2.1857
   1.4257
   3.1376
   0.4754
   0.2853
   0.2853
   1.7120
   0.4756
   2.1883
   0.4757
   0.1903
   1.4276
   0.2855
   2.7611
   3.1434
   0.7621
   1.9059
   5.1502
   5.2503
   1.2413
   0.0955
   5.3525
   4.9752
   0.9570
   0.3828
  10.9369
   4.3217
   2.8832
   0.9613
   3.9453
   0.4812
   0.2887
   0.4813
   0.0963
   0.1925
   0.0963
   0.1926
   0.8667
   0.8669
   0.5780
   0.0963
   0.0963
   0.0963
   0.3854
   0.5782
   0.3855
   0.1928
   0.1928
   0.1928
   0.2892
   1.1572
   0.0964
   0.0964
   0.2893
   1.3507
   0.4825
   0.0965
   0.0965
   0.0965
   0.0965
   0.0965
   0.4826
   0.2896
   1.5452
   0.1932
   0.2898
   1.6428
   0.3866
   2.9987
   0.2902
   0.2902
   0.2584
   0.1723
   0.2584
   1.0330
   0.8605
   5.8355
   0.4290
   3.4267
   4.1897
   1.4526
   0.2563
   0.6833
   9.1026
   0.6804
   3.8208
   0.4245
   0.6789
   9.2984
   2.7020
   2.6147
   0.0843
   0.9274
   0.2529
   0.6742
   2.8621
   0.4208
   5.5424
   7.0343
   7.8478
   0.3339
   3.8343
   0.1667
   0.1667
   5.2404
   1.7457
   0.9141
   6.1356
   2.5680
   7.1886
   2.6417
   0.4952
   1.3200
   1.4018
   8.1413
   0.3289
   0.8220
   0.4110
   1.1503
   2.7090
   0.9848
   0.0821
   5.4067
   2.1285
   0.5730
   0.2455
   2.4534
   0.2453
   3.1861
   0.8167
   4.6490
   3.4221
   3.1748
   0.8952
   3.9020
   0.8940
   0.7313
   0.0812
   0.1625
   7.2978
   0.0811
   0.8107
   2.3495
   0.8910
   1.0527
   4.2869
   0.5661
   1.9400
   1.5352
   3.6328
   2.6623
   5.1569
   0.4028
   0.1611
   1.0471
   0.1611
   9.4836
   2.4098
  10.0198
   7.2839
   2.0003
   2.0795
   0.4798
   3.1172
   4.4724
   0.2396
   0.1597
   0.2396
   1.1976
   1.6761
   1.7554
   1.1966
   3.4284
   1.1160
   1.8329
   3.5842
   0.1593
   1.6722
   3.4223
   1.7505
   0.5569
   2.0680
   5.2459
   0.1590
   1.4304
   6.9870
   0.7939
   2.2224
   1.2697
   3.9662
   1.5069
   0.2379
   9.1127
   2.6143
   0.2377
   0.7922
   3.8012
   3.8001
   2.0581
   0.3958
   5.2224
   1.2659
   1.8987
   2.6894
   0.6328
   2.7680
  11.4624
   0.1581
   1.8181
   5.5325
   0.0790
   0.3161
   2.4500
   0.8693
   4.8206
   0.8693
   1.1064
   0.7903
   0.3161
  11.8547
   3.1614
   1.6598
   5.1382
  36.9143
   0.3169
   0.7922
   4.9933
   5.3130
   2.1416
   2.0627
   5.5568
   1.5880
   0.2382
   1.8266
   1.7476
   1.9864
   0.0794
   1.5099
   4.3734
   0.3181
   0.1590
   8.2002
   0.4777
   3.9036
   1.1952
   1.7535
   3.1100
   0.2392
   1.2762
   0.8775
   2.6337
   0.7982
   1.6767
  10.4792
   1.7605
   0.1601
   0.2401
   2.1616
   4.0061
  17.1281
   0.8043
   0.0804
   3.8640
   3.0612
   6.8587
   2.9069
   3.6370
   3.8023
   0.1618
   0.9711
   0.3237
   1.0524
   1.6197
   9.1742
   2.9251
   1.7071
   1.0571
  27.7973
   0.3280
   6.6569
   2.4675
   2.8815
   1.1531
   5.1153
  11.8471
   0.0829
   0.3314
   6.5614
   5.4928
   2.1656
  11.3770
   3.9378
   1.4251
   5.0399
   6.1471
   4.2176
   0.0844
   0.6750
   3.8877
  17.4550
   7.6035
   3.2511
   1.4554
   3.3439
   0.0857
   0.6004
   0.6864
   2.7489
   2.2358
   4.9127
   1.8978
   0.7767
   2.6785
   3.8953
   3.8157
   1.5621
   2.3459
   2.0873
   6.1937
   1.8336
   0.5240
   0.2620
   2.0110
   5.0840
   0.0877
   1.9304
   0.4388
   1.2294
   0.6149
   2.2866
   0.2639
   8.7469
   0.7955
   0.7074
   1.3272
   0.3540
   3.2800
   1.2419
   2.5759
   3.1140
   1.5137
   1.1583
   3.5706
   6.8989
   0.5377
   2.5128
   1.5269
   5.4050
   0.6308
   1.8944
   1.6252
   2.2600
   4.4406
  10.2080
   2.6471
   8.0695
   5.2426
   2.8560
   0.2764
   0.1843
   0.8298
   4.2515
   2.4064
   1.2967
   4.4577
   0.3715
   1.9529
   0.4651
   5.5062
   1.0272
  16.4091
   0.6604
   3.1192
   3.9796
  11.3545
   2.6761
   4.6007
   2.8806
   1.1531
   5.3026
   0.3857
   3.1888
   0.4833
   0.0967
   1.4513
   2.8108
   0.0969
   1.3582
   5.3541
   3.5124
   6.1710
   3.9281
   0.0982
   2.6562
   3.2533
  12.8240
   6.5896
   1.7993
   0.5000
   1.4012
   3.3101
   0.1003
   0.4014
   0.3011
   0.1004
   2.3120
   3.4255
   0.5039
   0.5041
   1.8169
   3.6427
   0.5061
  11.1155
  21.5215
   0.5175
   0.6213
   2.5933
   0.2075
   4.4749
   3.2332
   0.5217
   0.3131
   1.7763
   0.9410
   0.3137
   0.2092
   0.4185
   0.2093
   7.6790
   7.9329
   4.2434
   0.1061
   0.4245
   0.4246
   1.3814
   0.2125
   0.2126
   0.3189
   0.6382
   0.2128
   0.7450
   2.0251
   0.1066
   4.1691
   0.3208
   0.1069
   0.2139
   0.3209
   0.2140
   0.5351
   1.1783
   0.4286
   1.8239
   1.6111
   0.3223
   3.2303
   0.2154
   1.8332
   1.8355
   1.9462
   0.6490
   0.7576
   0.6497
   1.6260
   6.5841
   7.0268
   5.3171
   1.1257
   3.4889
   1.7468
   1.9552
   3.9223
   0.1032
   2.2750
   0.7243
   1.7613
   1.7637
   2.7030
   0.7282
   4.3837
   4.5037
   1.9931
   0.1049
   0.9449
   2.8408
   1.7912
   0.2108
   0.2108
   1.4772
   1.7963
   3.8152
   0.3180
   0.1060
   1.8048
   2.8728
   0.1064
   0.3193
   2.1323
   2.2428
   4.0713
   0.2143
   2.1467
   0.8593
   3.2304
   0.7542
   6.8242
   0.5418
   2.8238
   0.4346
   0.5434
   1.5235
   1.8526
   0.9816
   0.4364
   0.2182
   4.5995
   3.5141
   0.2197
   0.1098
   0.8794
   0.8800
   4.3044
   3.2088
   2.3279
   2.1097
   0.5554
   1.3344
   1.7817
   1.0030
   1.6739
   2.4598
   0.5593
   0.2238
   0.3357
   1.1201
   0.3361
   4.2718
   0.1124
   1.0126
   0.4502
   2.8202
   0.6772
   1.4690
   6.8165
   0.1136
   0.5684
   1.1377
   3.5368
   0.5707
   1.4856
   0.8005
   1.6029
   3.5594
   1.4944
   0.3450
   2.9967
   0.2306
   0.2306
   2.6575
   0.5780
   4.2917
   0.6963
   2.0925
   5.0186
   0.3502
   1.1685
   0.9326
   0.6216
   0.3107
   0.3107
   0.9316
   0.3105
   0.3104
  10.7521
   0.7815
  11.4218
   1.5468
   1.1590
   0.3862
   0.1931
   0.7719
   0.1929
   3.2713
   0.1924
   0.1924
   1.5371
   8.7762
   0.7627
   3.6123
   2.8453
   4.5360
   0.3779
   2.0749
   7.0489
   2.5571
   4.6147
   0.6361
   3.4873
   3.0033
   0.3160
   1.1050
   3.6184
   4.3869
   0.6263
   0.4696
   3.1212
   0.9355
   1.4015
   0.3113
   3.1044
   3.7123
   0.6184
   2.6216
   3.2286
   0.1537
   1.9947
  10.6335
   0.1519
   0.9105
   2.1204
   2.8699
   0.4530
   1.8088
   1.3548
   4.0491
   3.8850
   7.2720
   9.5604
   0.1471
   4.6855
   0.7316
   4.3718
   1.3099
   7.8025
   0.4333
   1.1542
   5.0261
   3.4355
   7.2513
   0.4264
   0.1421
   6.4976
   9.3818
   0.5598
  23.6845
  14.5885
   8.1784
   1.4728
  12.1822
   4.7465
  18.7953
   0.3887
   4.6455
   1.6750
   1.5441
   4.2302
   0.5125
  16.5400
   3.3989
   0.5033
   0.8801
   8.9817
  18.8975
   0.6132
   0.6129
   4.1530
   0.7324
   0.3661
   5.4659
   3.0288
  14.1263
   5.8375
   1.0712
   0.5948
   8.1535
   3.1822
   0.9421
   0.7062
   3.4038
  13.4668
   1.5074
   7.8355
  24.5255
   0.4519
   4.6159
   0.5627
   0.3375
   3.5904
   0.2244
   0.4486
   8.6899
   3.0013
  19.6124
  10.3322
   0.4349
   1.6290
   2.1687
   1.6247
   0.1083
   5.6100
   0.1079
  11.9834
   1.2828
   1.4951
   8.4955
   8.1337
   6.5219
   1.2613
   1.4701
   4.0849
   1.8831
   1.2544
   3.8586
   7.9912
   1.3481
   7.4334
   1.6503
   0.8248
   2.8818
   0.7201
   7.2741
   0.5121
   0.2048
   2.4545
   2.8590
   2.0399
   9.4370
   0.2029
   1.1154
   7.6757
   6.2418
   0.5032
   3.7171
  10.5941
   0.2998
   1.5977
   1.7959
   4.9770
   0.4976
   5.8559
   5.4458
   3.3616
   1.7783
   0.9875
  10.3249
   5.7883
   4.4073
   0.9790
   2.7385
   3.7114
   0.4882
   0.8786
   0.3904
   2.3406
   1.7543
   0.7795
  13.1922
   0.4849
   6.8712
   7.0498
   5.2071
   0.8676
   1.7345
   3.0809
   7.1115
  11.7873
   5.7427
  17.3616
   1.1445
   4.3841
   4.7618
   3.5220
   5.5169
   1.8069
   3.3271
   5.8901
   0.2850
   3.3239
   4.8414
   0.0949
   0.8543
   2.6573
   1.3285
   2.2771
   1.0436
   5.4062
   1.5174
   1.4225
   4.7409
   4.0768
   0.1896
   1.7065
   3.3181
   0.9480
   6.2570
   1.7065
   6.3528
   5.7851
   0.6639
   0.6639
   1.9919
   0.1897
   0.1897
   0.1897
   0.2846
   1.9922
   0.5692
  12.0592
   6.3658
   7.3219
   0.6657
   0.6657
   0.1902
  11.3353
   5.1479
  11.8457
   0.3821
   0.0955
   0.6689
   5.6438
   7.4733
   2.1088
   2.4937
   4.2243
  11.4584
   0.5778
   2.0235
  11.1163
   0.6768
   3.0998
   1.1188
   0.7743
   3.0069
   0.6871
   0.2576
   2.6588
   3.8529
   8.8692
   1.7895
   3.2336
   6.1952
   0.5091
   0.4242
   0.2545
   0.4240
   1.8643
   0.2542
   0.2542
   0.0847
   1.1855
   3.0444
   1.9435
   0.1690
   0.7602
   0.1689
   1.0975
  12.4310
   4.1089
   1.6760
   3.5983
   1.3382
   0.1673
   0.5853
   4.8406
  10.3916
   2.8236
   0.3322
   7.7835
   0.0828
   0.1656
   7.1851
  10.8613
   2.9593
   2.3820
   1.8880
   2.1328
   0.6561
   2.8679
   0.2458
   8.4985
   9.6960
   9.0208
   0.4875
   5.6791
   3.7282
   3.7245
   1.6187
  12.6661
   0.3227
  21.9131
   1.0432
   3.2078
   7.2072
   0.5605
   1.7610
   4.0791
   3.1974
   5.1111
   5.1864
   0.4787
   0.3989
   3.0301
   0.5581
  11.3818
   0.2388
   0.2388
   4.0566
   3.0213
   2.7818
   3.5750
   1.1121
  10.3140
   9.6698
   2.5357
   1.9015
   1.0299
  15.3515
   4.8256
   1.9775
   5.1402
   5.8505
   1.5811
   0.3953
   1.2648
   0.4743
   5.8488
   1.5017
   3.7144
   5.2948
   1.8176
   4.6625
   0.8693
  10.3536
   1.9760
   6.4823
   1.8183
   0.5534
   2.2929
   0.3953
   1.9768
   0.6326
   0.4745
   1.8189
   3.1638
   1.2656
   5.3014
   0.0791
   3.4031
   1.1872
   1.8206
   3.1671
   5.6241
   2.9316
   0.0792
   2.3775
   0.3170
   0.9511
   0.7926
   5.1549
   2.5385
   1.1107
   5.1598
   0.3969
   0.0794
   1.6674
   3.1773
  18.2351
   0.1593
   5.2599
   8.7791
   0.4789
   1.0378
   1.6769
   5.2753
   2.5589
   4.0814
   2.0015
   1.0410
   0.5606
   0.9612
   2.1636
   2.4052
   2.3261
   1.0430
   0.4814
   0.8025
   3.3729
   0.0803
   0.3213
   0.2410
   4.9852
   1.0455
   0.9653
   5.2351
   1.9338
   4.7594
   2.9869
   1.0497
  12.6375
   2.1885
   0.1621
   0.8108
   9.4295
   3.0917
   1.7908
   2.7699
   0.3259
   6.3670
   1.4700
   8.0229
   4.0165
   0.0820
   0.4919
   0.7380
   4.1056
   0.4928
   0.3285
   0.1643
   0.5751
   0.2465
   2.7137
   1.8103
   0.7407
   0.0823
   0.1646
   0.4940
   2.4718
   2.8040
   2.0633
   2.9741
   5.8778
   2.2370
   0.1657
   2.0730
   3.0714
   4.5732
   7.2537
   0.2501
   5.0963
   0.0835
   0.3342
   6.7022
   8.4058
   4.8006
   7.3495
  11.0332
   5.8710
   2.9819
   6.2366
   3.1655
   0.3423
   7.4695
   0.3435
   0.2576
   3.1822
   6.9025
   1.0359
   1.2956
   1.4694
  14.7983
   7.5138
   4.1148
   1.6648
   2.4564
   6.3367
   4.7641
   1.6777
   0.7950
   8.0722
   1.6869
   7.6663
   0.3566
   1.4276
   0.9820
   1.8766
   1.1624
   0.8946
   3.1365
   0.5378
   6.3864
  17.2534
   4.9172
   0.1821
   0.3643
   0.9113
   0.4558
   7.6906
   3.4860
  10.8932
   3.1445
   0.5551
   2.1305
   0.3706
  13.1655
   3.9308
   0.0936
   4.9755
   0.2817
   0.1878
   2.8219
   0.7528
   2.2616
   0.4713
   1.6040
   0.4719
   0.7554
   3.4063
   0.3786
   0.4733
   0.1894
   2.3705
   3.5159
   3.5235
   0.0952
   1.8115
   0.1907
   4.3983
   0.1912
   0.4783
   0.5741
   4.5100
   7.1327
   3.0904
   0.8697
   2.6133
   3.6866
   0.9707
   0.3884
   5.8477
   0.3900
   0.7803
   0.3902
   0.4879
   0.2928
   0.0976
   1.1723
   1.1731
   0.6846
   0.0978
   2.8417
   0.5882
   5.2130
   6.6183
   2.5726
   1.8823
   5.6679
   1.8916
   1.2954
   1.8956
   1.7980
   0.4996
   2.3017
  21.0054
   2.0323
   0.9151
   2.2403
   1.0190
   0.3058
   0.4078
   5.1151
   2.5620
   2.6693
   0.1027
   6.7041
   0.3095
   1.5491
   4.3503
   0.4144
   0.8293
   2.1803
   5.8373
   0.7300
   7.3373
  11.3034
   0.1057
   0.1057
   5.4087
   1.5926
   4.7937
   1.9201
   1.6018
   1.7107
   4.0745
   0.6436
   0.5366
   0.6442
   3.7676
   0.7539
   0.3232
   2.2659
   0.3238
   4.1130
   0.1082
   1.3001
   1.4099
   5.7729
   6.0028
   0.5089
   8.0906
   5.0377
   2.3689
   0.4121
   5.0681
   5.7138
   2.9154
   2.7128
   0.6263
   2.6150
   8.7408
   2.0040
   1.2669
   2.6449
   3.0754
   3.4026
   2.9842
   5.4586
   5.9140
   7.3539
  11.7878
   3.5023
   9.9271
   8.7741
   2.1137
  28.5543
   4.4524
   2.9753
   0.2289
   1.0309
   1.0318
   0.5735
   0.4589
   0.8037
   9.9515
   2.5509
   2.0905
   2.4437
   2.3317
   5.3857
   8.8428
   0.9621
   1.2819
   0.6407
   0.6405
   0.9603
  11.1412
   2.2257
   9.1782
  13.5162
   4.0779
   5.6302
  12.1241
   1.2427
   6.0878
   4.5005
   5.6490
   0.9732
   4.4608
   5.4072
   2.1207
   0.1928
   0.1927
   2.3084
   2.8789
   4.5894
  11.1814
   0.1895
   0.7575
   1.8909
   0.9447
   2.8277
   6.7264
   2.0780
   0.3196
   0.6388
   3.0257
   0.6366
   0.1591
   0.6361
   2.0634
   1.4266
   0.1585
   0.3169
   4.4180
   2.8326
   2.3553
   3.7553
   0.7818
   0.1563
   0.6250
   0.7806
   0.9359
   0.7794
   0.6231
   2.4867
   8.4803
   4.7585
   0.7670
   1.5317
   0.3063
   0.6122
   6.6915
   0.4561
   1.0631
   1.2135
   3.6282
  13.7297
   5.6411
  15.7962
   6.6861
   3.4771
   8.4805
   1.0052
   0.4306
   0.4305
   0.2869
   6.1332
   0.4277
   0.2851
   4.5420
   0.7092
   0.4254
   2.2639
   3.3852
   3.2344
   4.6209
   0.1400
   2.0961
   2.6485
   0.5573
   4.3019
   0.8320
   3.1800
   4.2692
   0.2754
   7.2487
   0.6834
   0.4099
   0.4097
   0.5460
   0.5458
   2.5863
   2.7156
   3.3840
   0.2707
   0.6762
   0.5407
   2.4278
   4.2992
   0.1343
   2.0113
   4.6732
   0.5338
   0.2668
   0.6667
   1.0657
   1.8618
   0.5317
   9.8803
   0.5267
   1.9716
   2.3609
   0.3934
   2.2245
   0.1308
   4.8201
   0.6510
  18.6921
   2.2998
   0.7661
   1.4027
   1.1465
   0.3821
   3.8077
   1.1411
   1.0135
   0.2533
   0.3798
   0.1266
   4.1624
   0.2522
   3.6454
   1.1302
   0.2511
   0.1255
   0.2510
   5.2473
   1.7464
  11.7305
   1.7261
   0.6162
   0.3696
   1.2306
   5.0238
   0.2450
   6.3358
   0.3654
   2.4311
   0.4860
   6.6451
   0.6038
   2.1697
   2.4059
   0.1203
   2.9995
   0.3598
   2.0356
   5.0080
   0.3576
  11.8040
   6.1074
   6.3098
   3.2631
   6.1461
   7.4926
  10.1767
   5.9184
   1.0235
   1.0227
  10.0354
   0.1128
   0.5635
   0.2254
   0.1127
   0.2253
   3.5949
   1.0103
   0.5610
   1.6810
   1.0078
   1.6776
   1.0058
   4.6772
   9.7294
   0.2211
   2.0971
   0.2207
   4.1807
   0.9895
   4.8205
   3.4971
   1.6373
   0.4365
   1.9614
   1.1976
   3.8005
   1.7352
   0.2169
   5.9394
   0.4318
   0.1080
   0.3238
   2.9081
   0.3230
   6.1124
   5.5553
   1.4942
   0.5334
   0.4266
   2.8743
  11.0967
  11.1229
   1.7819
   4.9113
   4.5849
   0.2084
   1.1453
   3.4287
   0.9346
   0.2077
   3.6261
   7.1186
   1.0311
   0.7214
   0.1031
   0.1031
   2.6752
   0.4115
   3.2855
   0.4106
   0.8208
  21.8958
   3.2383
   4.6439
   1.3115
   0.9075
   3.3221
   0.1007
   0.1007
   5.7212
   3.0067
   2.3026
   1.2006
  10.1567
   0.5973
   0.1991
   1.5915
   1.7889
   4.2654
   0.2975
   7.2175
  10.7285
   8.1428
   4.2117
   5.3762
   0.3909
   0.1954
   3.6111
   0.2928
   0.3903
   2.2424
   0.4874
   0.8770
   2.2396
   3.2097
   4.4675
   0.3884
   1.2619
   1.5523
   3.1983
   3.3885
   3.3850
   0.4835
   1.0634
   2.4150
   0.8692
   1.5445
   0.6756
   0.9649
   3.4701
   0.4819
   5.3894
   0.5774
   0.9620
   2.8839
   2.6898
   3.3595
   2.1106
   8.2352
   0.4787
   0.1915
   3.4443
   0.9566
   2.9636
   0.6691
   1.2423
   3.3426
   0.1910
   4.7709
   0.2862
   0.4770
   0.2862
   0.4770
   6.2894
  30.2875
   5.7890
   0.2847
   2.9413
   0.8539
   1.1384
   7.9659
   3.9824
   3.1288
   2.7494
   5.8777
   6.5415
   0.2844
   0.6636
   0.0948
   0.5688
   0.9481
   1.6118
   2.9394
   0.6637
   5.3110
   4.7431
  21.2859
   0.5702
   0.5702
   0.7604
   0.4753
   0.9506
   5.0413
   0.8562
   5.7121
   4.0008
   0.0953
   0.6669
   4.1946
   0.3814
   3.2432
   0.6678
   2.0041
   2.0048
   7.4570
   1.8171
   4.9783
   0.4787
   0.0957
   0.0957
   0.0957
   0.0958
   0.0958
   0.5746
   1.6286
   0.2874
   0.1916
   0.1916
   1.4377
   0.2876
   3.2615
   0.0959
   0.2878
   1.7275
   1.2480
   0.0960
   0.1920
   0.1920
   0.5762
   0.3841
   0.5763
   1.8258
   4.3290
   6.0705
   2.3140
   2.0259
   1.8340
  10.2363
   0.8599
   1.7184
   1.8886
   2.2297
   0.0857
  12.6197
   4.9349
   1.7854
   3.8195
  12.4956
   0.5065
   0.3376
   2.0239
   1.6012
   1.1793
   6.4690
  14.2855
   0.5847
   0.3340
   4.3354
   1.7497
   0.4998
   7.4764
   7.7867
   2.5656
   7.7586
   2.4740
   1.0717
   0.4945
   0.2473
   3.5397
   4.1924
   8.7709
   6.9523
   1.4716
   1.1442
   6.3624
   6.2693
   3.9850
   4.8729
   4.1372
   9.3868
   2.9109
   3.8775
   2.3413
   1.2106
   3.4676
   5.7178
   3.3797
   4.4214
   0.1608
   7.2235
   1.7651
  19.2629
  16.6579
  18.5210
   0.2385
   8.3374
   1.1115
  16.9601
   1.0302
   3.4065
   1.8218
   3.3259
   1.1085
   0.0792
   1.4251
   2.6913
   2.8491
   2.3739
   0.7121
   1.2659
  12.4140
   0.3163
   0.8697
   1.3441
   0.1581
  10.1169
   4.2677
   4.2675
  17.2290
  11.3047
   0.2372
   0.2372
   0.9487
   0.7115
   0.8697
   1.1069
   1.0279
   0.5535
   4.1915
   6.4081
   1.7406
   4.8278
  13.0718
   2.3772
   4.0427
   5.4726
   1.3485
   6.2709
   0.3175
   2.1438
   0.3176
   0.3176
   3.1775
   1.9864
   0.3973
   5.2481
   3.4208
   0.3182
   0.0796
   4.4581
   7.8110
   0.7174
   0.0797
  12.0613
   0.0799
   3.3569
   2.8788
   0.1599
   5.1230
  31.6730
   1.8545
   0.3225
   3.0664
   0.1614
   2.0992
   2.4237
  15.0043
   3.8159
   3.7386
   3.3354
   0.4068
   4.7253
   1.9564
   1.6311
   0.8158
   1.3057
   0.0816
   0.8163
   0.4082
   2.7781
   2.9442
   1.1454
   0.7365
   0.4092
   0.7367
   1.3103
   1.3108
   5.2522
   7.2388
   0.5759
   0.9053
   1.6469
   1.0709
  13.9888
   8.8018
   4.4914
  11.6957
   2.9272
   1.8413
   0.5860
   4.9488
   3.3596
   2.3539
   1.1775
   3.3690
   3.4581
   3.9707
   7.7979
  14.8433
   2.2201
   0.3416
  11.7623
   0.6012
   9.4882
   8.4001
   0.7797
   0.0866
   1.2136
   1.2143
   0.0867
   0.2603
   0.3471
   0.2603
   0.2604
   0.6945
   0.3473
   0.1737
   0.0868
   4.0024
   3.2244
   3.9291
   1.5729
   2.8877
   0.7879
   0.6130
   0.7884
   0.8764
   3.6877
   0.7027
   0.4393
   0.1757
   0.5273
   1.0552
   1.5840
   1.4090
   0.2642
   2.2927
   3.1797
   6.2025
   0.3545
   5.8671
   0.4446
   6.0658
   3.8436
   1.4313
   8.5373
   1.3490
   3.5141
   5.9665
   5.7133
   0.5443
   6.2814
   0.3642
   4.9306
   5.0363
   2.5677
   0.5504
   0.7342
   5.4315
   3.0433
   2.8636
   2.1273
   1.0180
   5.1052
  24.4871
   0.5653
   0.0942
   1.5089
   1.4158
   0.6610
   0.2833
   1.4178
   3.0303
   3.9870
   0.9499
   3.6175
   3.5300
   2.8672
   5.5625
   3.8455
   0.6732
  11.4309
   1.3574
   4.1802
   2.1416
   1.0716
   4.3960
   0.9775
   5.2965
   3.3420
   3.0532
   0.1970
   7.7219
   4.6671
   1.6900
   0.3977
   1.9913
   0.0996
   0.2988
   4.0943
   0.0999
   3.2026
   0.6007
   1.3027
   6.5417
   1.7129
   0.5039
   1.3114
  31.7360
   3.5117
  14.1835
   0.4173
   3.6604
   2.3045
   3.7809
   2.8412
   0.5263
   1.3698
   2.9564
  12.6757
  23.7165
   0.4333
   6.2744
   3.7552
   0.5077
   0.3047
   5.8143
   2.9649
   4.4110
   4.1163
   9.0151
   5.9335
   4.8062
   0.4181
   3.7736
   0.1048
   6.7443
   5.8221
   2.4393
   7.0382
   3.3144
   0.7488
   1.8212
   1.3942
   0.6438
   5.7124
   3.2416
  10.0191
   0.4358
   0.2179
   8.0041
   6.0592
  15.0491
   3.2411
   2.6879
   0.1120
   0.2241
   3.5951
   2.5893
   5.9948
   8.5406
   2.3959
   8.8467
   0.5747
   9.7299
   2.6698
   4.5434
   0.4662
   6.4425
   2.9352
   1.4105
   0.4703
   1.2867
   1.6071
   4.1696
   0.6413
   2.8815
   0.6401
   2.2379
   8.2776
   0.9546
   0.9542
   2.2239
   6.6495
  18.5073
   4.0695
   0.6259
   4.3715
   3.7399
   0.9345
   1.2453
   4.6587
   1.8617
   0.3102
   4.3204
   0.7850
   2.5462
   8.5590
   1.1660
   2.1341
   2.9034
   5.9718
   3.8409
   3.6383
   1.3390
   1.3376
   0.3820
   1.5263
   3.6145
   2.8470
   5.2920
   1.5102
   2.2612
   0.1884
   1.8812
   0.8035
   5.9133
   1.9144
   0.3190
   0.6376
   0.6372
   1.5906
   8.0507
   3.3047
  18.2521
   3.6994
  13.5448
   1.5197
  11.8724
   0.7509
   0.4503
  12.3162
   0.1484
  15.3554
   1.0227
   7.6880
   0.2900
   0.4349
   2.6029
   0.5781
   1.0108
  19.0073
   5.9248
   9.0923
   4.3191
  11.4422
   1.6518
   3.9772
   9.9207
  12.6274
   0.2686
   7.2048
  12.5315
   3.1568
   3.1479
   1.4409
   0.6546
   4.6931
   0.6514
   3.5067
   5.1712
   4.1217
   0.3863
   1.9281
   0.2570
   1.6681
   3.3265
   0.5115
   0.1279
   5.2184
   2.2864
  10.6954
   0.7545
   0.2514
   6.8730
  10.1567
  10.0687
   0.6136
   1.5932
   0.4900
   0.8569
   1.3450
   2.6839
   5.1015
   2.1823
   2.9026
   1.2082
   2.2911
   2.7670
   0.2406
  13.7921
   0.4754
   4.2635
   1.1832
   1.1820
   0.2364
   5.4121
   1.0580
   8.0579
   6.5054
   2.6662
   0.2318
   0.3476
   0.6948
   2.8884
  10.4269
   4.5668
   0.2283
   2.0514
   2.8429
   0.5683
   5.7711
   3.7236
   2.8148
   0.3377
   0.7875
   0.4498
   1.5725
   0.4491
   5.5905
   2.9007
  10.5161
   1.7688
   0.1105
   0.2210
   0.6628
   2.7562
   1.6517
   1.7596
   1.6477
   3.1782
   0.6572
   3.6055
   1.7459
   0.9814
   2.2862
  10.5900
   1.4034
   1.9406
   8.2547
   3.7427
   0.5345
   1.6017
   1.7065
   3.9361
  13.1834
   0.3163
   0.2109
   6.1960
   0.1050
   5.3376
   0.5231
   6.3571
   8.3985
   8.5624
  13.3089
   2.8619
   8.5456
   2.8442
  20.4028
   0.3015
   0.1005
   3.2105
   0.1003
   2.7051
  19.4587
   6.7309
   0.6927
   1.4834
   0.9885
   0.9881
   2.8619
   6.2995
   3.4403
   0.1966
   4.6110
   2.2545
   8.0134
   1.8555
   4.7770
  15.8058
   0.4848
   0.7754
   0.4846
   6.7698
   0.4835
   1.1600
   2.3183
   1.6414
   0.8687
   4.1458
   1.9272
   7.5012
   2.6909
  10.0665
   0.1917
   2.6827
  10.0387
   3.5350
   8.9663
   1.2398
   0.2861
   6.2875
   9.7989
   3.4234
  16.8978
   0.8543
   0.8543
   4.0803
  14.9817
   0.2845
   2.3703
   1.8962
   0.7585
   9.3853
   0.6636
   3.4130
   0.8533
   4.4563
   2.5602
   0.7586
   8.8221
   0.2846
   6.8330
   6.4567
   2.5643
   6.9380
   0.2851
   1.9964
  13.5231
   5.0512
   6.6789
   1.3361
  12.4361
   3.0631
   1.3405
   1.7242
   2.3959
   1.3421
   0.4794
   3.7425
   8.5587
   4.2359
   0.0963
   0.1926
  14.4041
   6.9632
   0.8593
   2.1462
   4.0274
   5.9821
   0.4272
   0.3417
   2.1337
   3.1535
   4.9327
   0.3401
   0.1701
   1.3596
   0.3399
   1.6981
   1.4425
   0.0848
   0.6786
   0.9327
   0.5934
   7.3519
   0.0845
   1.6044
   2.1936
   3.5383
   2.0202
   0.0842
   0.5891
   3.0258
   1.1761
   4.0260
   2.0951
   8.9360
   0.6679
   1.9189
   3.4995
   3.7442
   0.9981
   3.4058
   5.6371
   4.0562
   8.6655
   1.3199
   2.5550
  10.5128
   8.7633
   2.5369
   5.0659
   7.2561
   0.4076
   0.0815
   0.3260
   5.7775
   2.0331
  10.2990
   8.4150
   4.4452
   1.1312
  19.4627
   1.1257
   1.2057
  19.4540
   1.2806
   1.6003
  22.8726
   7.5624
  16.6794
   0.6354
   1.6675
   0.7146
   0.8733
   2.3810
   1.6664
   3.2523
   1.9034
   0.3172
  12.5949
  10.1314
   0.0791
   5.3804
   2.4525
   1.7403
   2.8473
   3.2423
   2.2931
  11.6981
   2.0550
   1.4226
   1.1065
   1.0274
   0.3161
   1.7387
   3.7143
  12.5655
   1.1064
   3.4775
   2.2130
  11.0687
   5.4565
   0.6327
   0.7118
   3.8759
   0.3164
   0.2373
   0.0791
   0.9493
   0.3164
   0.7120
   1.1076
   2.6113
   0.3957
   1.5036
   4.4331
   1.5834
   2.5340
   0.9503
   1.0296
   3.4066
   4.5175
   3.5677
   0.1586
   1.8238
   2.3795
   1.0312
   1.1107
   0.2380
   0.3967
   3.8893
   2.1436
   0.3970
   6.0386
   0.0795
   0.3973
   0.9536
   4.2938
   2.9432
   9.8781
   1.6733
   1.4346
   0.7971
   0.3189
   4.8664
   9.1090
   0.1598
   1.3587
  13.3013
   1.4427
   2.2453
   1.9253
  14.0009
   6.2854
   3.2258
   3.5514
   2.0996
   2.9093
   2.1832
   0.9706
   2.7519
   0.9715
   0.7288
  16.7570
   0.1627
   0.2441
   2.1165
   2.1993
   0.0815
   0.4073
   2.5273
   1.7129
   2.8574
   0.1633
   0.7350
   0.8168
   2.7795
   1.5540
   2.5375
   3.7697
   2.8709
  11.5271
   0.4117
   6.6853
   0.2476
  16.6892
   5.6579
   5.3357
   4.4261
   0.6683
   2.4247
   4.9425
   0.1676
   3.6076
   0.0839
   1.8471
   0.0840
  11.3876
   9.3149
   3.3072
   0.0848
  10.7349
   0.7670
   1.9619
   4.0162
   1.5392
   7.3784
  15.1194
   2.8549
   1.9050
   1.4731
   1.9949
   5.6532
   8.4712
   3.2365
   1.1378
   0.8756
   6.3243
   3.8724
   3.0852
   3.7093
   2.5645
   0.0884
   4.9652
   0.4434
   4.6228
   0.7115
  15.5129
   2.2445
   6.7582
   2.5266
   2.1682
   5.2551
  13.6954
   4.0265
   1.7405
   1.7422
  10.7951
   4.9041
   0.2776
   2.0384
   1.2054
   1.5777
   0.6499
   0.4643
   0.9292
   0.9297
   0.0930
   1.2095
   0.3722
   0.6517
   0.3725
   0.1863
   1.5847
   5.1426
   1.2164
   1.0299
   4.5063
   1.8798
   1.6935
   4.2447
   6.7247
   1.3271
   1.5181
   1.7096
   2.5685
   0.1903
  10.0520
   1.2455
   3.1679
   2.8851
  10.3577
   1.1625
   2.0370
   6.1348
   8.1244
   2.7456
   6.0048
   4.2446
   2.3727
   2.9717
   7.5656
  12.3443
   5.7424
   6.3739
   0.9111
   1.9259
   0.9128
   2.1330
   4.3805
   0.2038
   3.0629
   4.4032
   2.0509
   3.5978
   0.4113
   4.7451
   0.9290
   2.5851
   6.6479
   1.4557
  12.3740
   1.6798
   1.0506
   5.6958
   0.2110
   0.2110
   5.5074
   0.3178
  13.3657
   0.4278
   3.7534
   0.2145
   2.2559
   2.4751
   1.1847
   3.4549
   1.7295
   0.2162
   2.0571
   0.4332
   0.7585
  14.2584
   4.4967
   0.5112
   2.3557
   3.6976
   0.2055
   2.5733
   1.8554
   1.1349
   3.8285
   6.3427
   3.6495
   2.1934
   0.3134
   5.3503
   1.4704
  10.6959
  12.0794
   2.4634
   1.2865
   2.4706
   6.2608
   6.2917
   0.1085
   7.0908
   0.3273
   0.8735
   5.8137
   0.1097
   0.4390
   2.9699
   0.2200
   0.4402
   4.9718
   1.2165
   8.0128
   5.2523
   7.1927
   0.2248
   0.5623
   0.3375
  17.2169
   0.5703
   1.5990
   0.2285
   1.3723
   2.6358
   4.9471
   1.0363
   0.4607
   1.7302
   1.8482
   5.9188
  17.2946
   0.4708
   1.7679
