 10078    20010131     0.09641
 10078    20010228    -0.34969
 10078    20010330    -0.22667
 10078    20010430     0.11386
 10078    20010531    -0.03797
 10078    20010629    -0.04554
 10078    20010731     0.03626
 10078    20010831    -0.29711
 10078    20010928    -0.27773
 10078    20011031     0.22733
 10078    20011130     0.40296
 10078    20011231    -0.13624
 10078    20020131    -0.12520
 10078    20020228    -0.20911
 10078    20020328     0.03643
 10078    20020430    -0.07256
 10078    20020531    -0.15770
 10078    20020628    -0.27286
 10078    20020731    -0.21756
 10078    20020830    -0.05867
 10078    20020930    -0.29810
 10078    20021031     0.14324
 10078    20021129     0.44917
 10078    20021231    -0.27523
 10078    20030131    -0.00643
 10078    20030228     0.11327
 10078    20030331    -0.05233
 10078    20030430     0.01534
 10078    20030530     0.31420
 10078    20030630     0.06897
 10078    20030731    -0.19140
 10078    20030829     0.03723
 10078    20030930    -0.15128
 10078    20031031     0.19335
 10078    20031128     0.07848
 10078    20031231     0.04930
 10104    20010131     0.00215
 10104    20010228    -0.34764
 10104    20010330    -0.21158
 10104    20010430     0.07877
 10104    20010531    -0.05322
 10104    20010629     0.24183
 10104    20010731    -0.04842
 10104    20010831    -0.32467
 10104    20010928     0.03030
 10104    20011031     0.07790
 10104    20011130     0.03466
 10104    20011231    -0.01568
 10104    20020131     0.24982
 10104    20020228    -0.03708
 10104    20020328    -0.22984
 10104    20020430    -0.21563
 10104    20020531    -0.21116
 10104    20020628     0.19571
 10104    20020731     0.05692
 10104    20020830    -0.04186
 10104    20020930    -0.18040
 10104    20021031     0.29644
 10104    20021129     0.19235
 10104    20021231    -0.11111
 10104    20030131     0.11389
 10104    20030228    -0.00582
 10104    20030331    -0.09289
 10104    20030430     0.09503
 10104    20030530     0.09512
 10104    20030630    -0.07686
 10104    20030731    -0.00167
 10104    20030829     0.07006
 10104    20030930    -0.12315
 10104    20031031     0.06400
 10104    20031128     0.00418
 10104    20031231     0.10067
 10107    20010131     0.40778
 10107    20010228    -0.03378
 10107    20010330    -0.07309
 10107    20010430     0.23886
 10107    20010531     0.02111
 10107    20010629     0.05522
 10107    20010731    -0.09329
 10107    20010831    -0.13809
 10107    20010928    -0.10307
 10107    20011031     0.13641
 10107    20011130     0.10421
 10107    20011231     0.03177
 10107    20020131    -0.03834
 10107    20020228    -0.08429
 10107    20020328     0.03377
 10107    20020430    -0.13348
 10107    20020531    -0.02583
 10107    20020628     0.07445
 10107    20020731    -0.12285
 10107    20020830     0.02293
 10107    20020930    -0.10880
 10107    20021031     0.22245
 10107    20021129     0.07874
 10107    20021231    -0.10368
 10107    20030131    -0.08201
 10107    20030228     0.00211
 10107    20030331     0.02152
 10107    20030430     0.05576
 10107    20030530    -0.03717
 10107    20030630     0.04185
 10107    20030731     0.03003
 10107    20030829     0.00417
 10107    20030930     0.04827
 10107    20031031    -0.05396
 10107    20031128    -0.01645
 10107    20031231     0.06457
 14702    20010131     0.31751
 14702    20010228    -0.16025
 14702    20010330     0.02959
 14702    20010430     0.25517
 14702    20010531    -0.08553
 14702    20010629    -0.01662
 14702    20010731    -0.06599
 14702    20010831    -0.06040
 14702    20010928    -0.33999
 14702    20011031     0.19937
 14702    20011130     0.16505
 14702    20011231     0.00906
 14702    20020131     0.08853
 14702    20020228    -0.00412
 14702    20020328     0.24845
 14702    20020430    -0.10374
 14702    20020531    -0.08799
 14702    20020628    -0.14247
 14702    20020731    -0.21819
 14702    20020830    -0.10155
 14702    20020930    -0.13548
 14702    20021031     0.30130
 14702    20021129     0.13440
 14702    20021231    -0.23578
 14702    20030131    -0.08135
 14702    20030228     0.08438
 14702    20030331    -0.03082
 14702    20030430     0.16216
 14702    20030530     0.06430
 14702    20030630     0.01799
 14702    20030731     0.22854
 14702    20030829     0.11151
 14702    20030930    -0.16181
 14702    20031031     0.28682
 14702    20031128     0.03901
 14702    20031231    -0.07426
 59328    20010131     0.23077
 59328    20010228    -0.22750
 59328    20010330    -0.07877
 59328    20010430     0.17473
 59328    20010531    -0.12553
 59328    20010629     0.08293
 59328    20010731     0.01915
 59328    20010831    -0.06139
 59328    20010928    -0.26896
 59328    20011031     0.19472
 59328    20011130     0.33825
 59328    20011231    -0.03705
 59328    20020131     0.11415
 59328    20020228    -0.18465
 59328    20020328     0.06515
 59328    20020430    -0.05919
 59328    20020531    -0.03390
 59328    20020628    -0.33852
 59328    20020731     0.02846
 59328    20020830    -0.11176
 59328    20020930    -0.16677
 59328    20021031     0.24550
 59328    20021129     0.20809
 59328    20021231    -0.25431
 59328    20030131     0.00835
 59328    20030228     0.10064
 59328    20030331    -0.05678
 59328    20030430     0.12838
 59328    20030530     0.13446
 59328    20030630    -0.00048
 59328    20030731     0.19606
 59328    20030829     0.14946
 59328    20030930    -0.03743
 59328    20031031     0.19731
 59328    20031128     0.01851
 59328    20031231    -0.04442
 76076    20010131    -0.02124
 76076    20010228    -0.36728
 76076    20010330    -0.33245
 76076    20010430     0.07383
 76076    20010531     0.13428
 76076    20010629    -0.05504
 76076    20010731     0.05604
 76076    20010831    -0.15036
 76076    20010928    -0.25413
 76076    20011031     0.38916
 76076    20011130     0.20804
 76076    20011231    -0.11399
 76076    20020131     0.09332
 76076    20020228    -0.27929
 76076    20020328     0.18641
 76076    20020430    -0.13467
 76076    20020531     0.07713
 76076    20020628    -0.11597
 76076    20020731    -0.05448
 76076    20020830     0.04776
 76076    20020930    -0.24168
 76076    20021031     0.06679
 76076    20021129     0.33453
 76076    20021231    -0.12198
 76076    20030131     0.02061
 76076    20030228     0.04562
 76076    20030331    -0.07153
 76076    20030430     0.15562
 76076    20030530     0.09400
 76076    20030630     0.02316
 76076    20030731     0.16081
 76076    20030829    -0.01796
 76076    20030930     0.02351
 76076    20031031     0.06840
 76076    20031128     0.08457
 76076    20031231     0.06740
 80924    20010131     0.05637
 80924    20010228    -0.25692
 80924    20010330    -0.47074
 80924    20010430    -0.17106
 80924    20010531     0.33172
 80924    20010629    -0.11216
 80924    20010731    -0.33962
 80924    20010831    -0.17391
 80924    20010928    -0.46015
 80924    20011031    -0.30641
 80924    20011130     1.82731
 80924    20011231     0.65199
 80924    20020131    -0.46432
 80924    20020228    -0.33547
 80924    20020328     0.28502
 80924    20020430    -0.15602
 80924    20020531    -0.11581
 80924    20020628    -0.05063
 80924    20020731    -0.45609
 80924    20020830    -0.26341
 80924    20020930    -0.33775
 80924    20021031    -0.09100
 80924    20021129    -0.05391
 80924    20021231    -0.25581
 80924    20030131     0.81250
 80924    20030228    -0.34483
 80924    20030331    -0.03947
 80924    20030430     0.01370
 80924    20030530     1.16216
 80924    20030630     0.05625
 80924    20030731     0.05325
 80924    20030829    -0.05787
 80924    20030930     0.08527
 80924    20031031     0.29121
 80924    20031128    -0.11489
 80924    20031231     0.51923
 83317    20010131     0.00000
 83317    20010228    -0.09910
 83317    20010330    -0.17500
 83317    20010430     0.04727
 83317    20010531     0.20833
 83317    20010629     0.12874
 83317    20010731    -0.17515
 83317    20010831    -0.03374
 83317    20010928    -0.39949
 83317    20011031     0.45106
 83317    20011130     0.27370
 83317    20011231     0.09900
 83317    20020131    -0.23743
 83317    20020228    -0.21520
 83317    20020328    -0.34306
 83317    20020430    -0.03552
 83317    20020531     0.08656
 83317    20020628     0.23051
 83317    20020731    -0.29890
 83317    20020830    -0.34381
 83317    20020930    -0.48204
 83317    20021031     0.56647
 83317    20021129     0.69742
 83317    20021231    -0.21087
 83317    20030131    -0.19559
 83317    20030228     0.15753
 83317    20030331    -0.17456
 83317    20030430     0.40502
 83317    20030530     0.28571
 83317    20030630     0.05754
 83317    20030731    -0.05066
 83317    20030829     0.15810
 83317    20030930     0.27645
 83317    20031031     0.37968
 83317    20031128     0.02035
 83317    20031231     0.04463
 86715    20010131     0.04613
 86715    20010228    -0.00787
 86715    20010330     0.02222
 86715    20010430     0.01863
 86715    20010531     0.06976
 86715    20010629     0.07319
 86715    20010731    -0.01402
 86715    20010831    -0.15212
 86715    20010928    -0.14333
 86715    20011031     0.08365
 86715    20011130    -0.05064
 86715    20011231     0.17907
 86715    20020131     0.07312
 86715    20020228     0.04421
 86715    20020328     0.10323
 86715    20020430     0.16499
 86715    20020531    -0.06843
 86715    20020628     0.23551
 86715    20020731    -0.06905
 86715    20020830     0.18067
 86715    20020930     0.01315
 86715    20021031     0.00424
 86715    20021129     0.03008
 86715    20021231    -0.03023
 86715    20030131    -0.03724
 86715    20030228     0.02826
 86715    20030331     0.05390
 86715    20030430     0.15646
 86715    20030530     0.03021
 86715    20030630     0.02656
 86715    20030731     0.13103
 86715    20030829     0.05289
 86715    20030930    -0.00730
 86715    20031031     0.08440
 86715    20031128     0.03229
 86715    20031231    -0.13171
 88430    20010131    -0.09186
 88430    20010228    -0.51734
 88430    20010330    -0.32635
 88430    20010430    -0.02578
 88430    20010531    -0.12117
 88430    20010629    -0.27076
 88430    20010731    -0.11162
 88430    20010831    -0.49487
 88430    20010928    -0.22843
 88430    20011031     0.48026
 88430    20011130     0.36000
 88430    20011231     0.05556
 88430    20020131    -0.37771
 88430    20020228    -0.43284
 88430    20020328     0.09561
 88430    20020430    -0.03923
 88430    20020531    -0.19167
 88430    20020628    -0.32990
 88430    20020731    -0.13846
 88430    20020830     0.17857
 88430    20020930    -0.13636
 88430    20021031     0.10526
 88430    20021129     0.44444
 88430    20021231    -0.21978
 88430    20030131     0.08451
 88430    20030228    -0.25974
 88430    20030331     0.14035
 88430    20030430     0.09077
 88430    20030530     1.14386
 88430    20030630    -0.04605
 88430    20030731     0.00000
 88430    20030829    -0.05517
 88430    20030930    -0.05839
 88430    20031031     0.10853
 88430    20031128     0.01399
 88430    20031231     0.17241
 11081    20010131     0.49821
 11081    20010228    -0.16268
 11081    20010330     0.17429
 11081    20010430     0.02151
 11081    20010531    -0.07165
 11081    20010629     0.07348
 11081    20010731     0.02983
 11081    20010831    -0.20609
 11081    20010928    -0.13330
 11081    20011031     0.29412
 11081    20011130     0.16472
 11081    20011231    -0.02685
 11081    20020131     0.01141
 11081    20020228    -0.10186
 11081    20020328     0.05751
 11081    20020430     0.00881
 11081    20020531     0.01936
 11081    20020628    -0.02644
 11081    20020731    -0.04629
 11081    20020830     0.06779
 11081    20020930    -0.11683
 11081    20021031     0.21693
 11081    20021129    -0.00035
 11081    20021231    -0.06503
 11081    20030131    -0.10770
 11081    20030228     0.12992
 11081    20030331     0.01298
 11081    20030430     0.06115
 11081    20030530     0.08247
 11081    20030630     0.01498
 11081    20030731     0.05779
 11081    20030829    -0.03147
 11081    20030930     0.02452
 11081    20031031     0.07720
 11081    20031128    -0.03972
 11081    20031231    -0.01707
 14593    20010131     0.45378
 14593    20010228    -0.15607
 14593    20010330     0.20932
 14593    20010430     0.15496
 14593    20010531    -0.21734
 14593    20010629     0.16541
 14593    20010731    -0.19183
 14593    20010831    -0.01277
 14593    20010928    -0.16388
 14593    20011031     0.13217
 14593    20011130     0.21298
 14593    20011231     0.02817
 14593    20020131     0.12877
 14593    20020228    -0.12217
 14593    20020328     0.09078
 14593    20020430     0.02535
 14593    20020531    -0.03997
 14593    20020628    -0.23948
 14593    20020731    -0.13883
 14593    20020830    -0.03342
 14593    20020930    -0.01695
 14593    20021031     0.10828
 14593    20021129    -0.03547
 14593    20021231    -0.07548
 14593    20030131     0.00209
 14593    20030228     0.04526
 14593    20030331    -0.05796
 14593    20030430     0.00566
 14593    20030530     0.26231
 14593    20030630     0.06184
 14593    20030731     0.10598
 14593    20030829     0.07258
 14593    20030930    -0.08359
 14593    20031031     0.10473
 14593    20031128    -0.08650
 14593    20031231     0.02200
 50906    20010131    -0.19655
 50906    20010228    -0.23605
 50906    20010330    -0.23596
 50906    20010430    -0.11647
 50906    20010531     0.02264
 50906    20010629    -0.14063
 50906    20010731    -0.25606
 50906    20010831    -0.10998
 50906    20010928    -0.20137
 50906    20011031     0.30372
 50906    20011130    -0.02418
 50906    20011231     0.03604
 50906    20020131     0.06087
 50906    20020228    -0.26230
 50906    20020328     0.13056
 50906    20020430    -0.04423
 50906    20020531    -0.13882
 50906    20020628    -0.31642
 50906    20020731    -0.21397
 50906    20020830    -0.28889
 50906    20020930    -0.10156
 50906    20021031     0.37391
 50906    20021129     0.37342
 50906    20021231    -0.03687
 50906    20030131     0.10048
 50906    20030228    -0.02609
 50906    20030331    -0.08036
 50906    20030430     0.15534
 50906    20030530     0.12605
 50906    20030630    -0.14179
 50906    20030731    -0.04783
 50906    20030829     0.15342
 50906    20030930    -0.07680
 50906    20031031     0.10206
 50906    20031128    -0.04669
 50906    20031231     0.21224
 75828    20010131     0.07478
 75828    20010228     0.09141
 75828    20010330     0.08500
 75828    20010430     0.04369
 75828    20010531     0.04009
 75828    20010629    -0.01681
 75828    20010731    -0.01693
 75828    20010831     0.01388
 75828    20010928    -0.20863
 75828    20011031     0.12678
 75828    20011130     0.17489
 75828    20011231    -0.00844
 75828    20020131    -0.11476
 75828    20020228     0.01413
 75828    20020328     0.12969
 75828    20020430    -0.02878
 75828    20020531     0.08383
 75828    20020628     0.03203
 75828    20020731    -0.08887
 75828    20020830     0.05118
 75828    20020930     0.04268
 75828    20021031    -0.01273
 75828    20021129     0.04208
 75828    20021231    -0.26658
 75828    20030131     0.04018
 75828    20030228     0.01990
 75828    20030331     0.11061
 75828    20030430     0.00853
 75828    20030530     0.15911
 75828    20030630     0.07805
 75828    20030731     0.13667
 75828    20030829     0.07107
 75828    20030930     0.02456
 75828    20031031     0.07333
 75828    20031128    -0.10592
 75828    20031231     0.07800
 77178    20010131     0.02281
 77178    20010228    -0.34796
 77178    20010330     0.03307
 77178    20010430     0.01298
 77178    20010531     0.05893
 77178    20010629    -0.03721
 77178    20010731     0.08122
 77178    20010831    -0.06927
 77178    20010928    -0.19218
 77178    20011031     0.03324
 77178    20011130     0.19544
 77178    20011231    -0.13999
 77178    20020131    -0.12772
 77178    20020228    -0.24518
 77178    20020328     0.13203
 77178    20020430    -0.19872
 77178    20020531     0.04907
 77178    20020628    -0.13116
 77178    20020731    -0.00036
 77178    20020830     0.00837
 77178    20020930    -0.00325
 77178    20021031     0.24982
 77178    20021129     0.19409
 77178    20021231    -0.11718
 77178    20030131     0.03490
 77178    20030228    -0.08178
 77178    20030331     0.04251
 77178    20030430    -0.11444
 77178    20030530     0.05395
 77178    20030630     0.07124
 77178    20030731     0.04285
 77178    20030829     0.10459
 77178    20030930     0.00823
 77178    20031031     0.13967
 77178    20031128    -0.06043
 77178    20031231     0.21055
 79879    20010131     0.31484
 79879    20010228    -0.51197
 79879    20010330    -0.31075
 79879    20010430     0.16014
 79879    20010531    -0.21879
 79879    20010629    -0.25194
 79879    20010731    -0.26080
 79879    20010831    -0.23701
 79879    20010928    -0.10355
 79879    20011031     0.26424
 79879    20011130     0.26158
 79879    20011231    -0.13889
 79879    20020131    -0.19355
 79879    20020228    -0.30714
 79879    20020328     0.21443
 79879    20020430    -0.26316
 79879    20020531    -0.19124
 79879    20020628    -0.23932
 79879    20020731    -0.05243
 79879    20020830     0.06324
 79879    20020930    -0.27584
 79879    20021031     0.15554
 79879    20021129     0.51488
 79879    20021231    -0.27566
 79879    20030131     0.09312
 79879    20030228     0.06296
 79879    20030331    -0.00697
 79879    20030430     0.13333
 79879    20030530     0.17028
 79879    20030630    -0.07487
 79879    20030731    -0.13926
 79879    20030829     0.14618
 79879    20030930     0.04348
 79879    20031031    -0.01944
 79879    20031128    -0.02550
 79879    20031231     0.05814
 83435    20010131     0.24116
 83435    20010228    -0.36181
 83435    20010330    -0.33858
 83435    20010430     0.28127
 83435    20010531    -0.10258
 83435    20010629     0.10381
 83435    20010731    -0.11856
 83435    20010831    -0.32690
 83435    20010928    -0.25717
 83435    20011031     0.23496
 83435    20011130     0.43107
 83435    20011231     0.13937
 83435    20020131    -0.02818
 83435    20020228    -0.16125
 83435    20020328     0.27732
 83435    20020430    -0.20087
 83435    20020531     0.08537
 83435    20020628    -0.07865
 83435    20020731    -0.10772
 83435    20020830    -0.21868
 83435    20020930    -0.06997
 83435    20021031     0.55904
 83435    20021129     0.22453
 83435    20021231    -0.10509
 83435    20030131     0.11315
 83435    20030228     0.14560
 83435    20030331     0.15204
 83435    20030430     0.03122
 83435    20030530     0.20468
 83435    20030630     0.09584
 83435    20030731    -0.04801
 83435    20030829     0.07260
 83435    20030930     0.05990
 83435    20031031     0.23509
 83435    20031128    -0.01647
 83435    20031231     0.04745
 84519    20010131     0.10846
 84519    20010228    -0.25399
 84519    20010330    -0.37860
 84519    20010430     0.31880
 84519    20010531    -0.01653
 84519    20010629    -0.29825
 84519    20010731    -0.12789
 84519    20010831    -0.48340
 84519    20010928    -0.39895
 84519    20011031     0.58017
 84519    20011130     0.09164
 84519    20011231    -0.19380
 84519    20020131    -0.11251
 84519    20020228    -0.38898
 84519    20020328     0.15979
 84519    20020430    -0.16778
 84519    20020531    -0.24433
 84519    20020628    -0.25972
 84519    20020731    -0.03819
 84519    20020830     0.00720
 84519    20020930    -0.26829
 84519    20021031     0.23906
 84519    20021129     0.80707
 84519    20021231    -0.22707
 84519    20030131     0.12840
 84519    20030228    -0.06552
 84519    20030331    -0.19373
 84519    20030430     0.11670
 84519    20030530     0.17828
 84519    20030630    -0.10087
 84519    20030731     0.11412
 84519    20030829     0.12847
 84519    20030930    -0.09846
 84519    20031031     0.09386
 84519    20031128     0.10452
 84519    20031231    -0.07345
 86356    20010131     0.49621
 86356    20010228    -0.22373
 86356    20010330    -0.05585
 86356    20010430     0.39496
 86356    20010531     0.19889
 86356    20010629     0.13169
 86356    20010731    -0.08644
 86356    20010831    -0.10133
 86356    20010928    -0.18638
 86356    20011031     0.14710
 86356    20011130     0.29707
 86356    20011231    -0.01719
 86356    20020131    -0.11779
 86356    20020228    -0.11810
 86356    20020328     0.08818
 86356    20020430    -0.06250
 86356    20020531     0.03974
 86356    20020628     0.11610
 86356    20020731    -0.07352
 86356    20020830    -0.00998
 86356    20020930    -0.06564
 86356    20021031     0.19750
 86356    20021129     0.08982
 86356    20021231    -0.01596
 86356    20030131     0.10823
 86356    20030228     0.04337
 86356    20030331     0.08786
 86356    20030430     0.08909
 86356    20030530     0.09407
 86356    20030630     0.02312
 86356    20030731     0.03173
 86356    20030829     0.03281
 86356    20030930    -0.03194
 86356    20031031     0.04269
 86356    20031128    -0.00072
 86356    20031231     0.15602
 86979    20010131    -0.15964
 86979    20010228    -0.39056
 86979    20010330    -0.41204
 86979    20010430     0.55506
 86979    20010531    -0.27952
 86979    20010629    -0.26875
 86979    20010731    -0.17395
 86979    20010831    -0.45504
 86979    20010928    -0.30714
 86979    20011031     1.28763
 86979    20011130     0.10771
 86979    20011231    -0.22905
 86979    20020131    -0.19156
 86979    20020228    -0.39164
 86979    20020328     0.35408
 86979    20020430    -0.19889
 86979    20020531    -0.08309
 86979    20020628    -0.39051
 86979    20020731     0.41593
 86979    20020830    -0.09125
 86979    20020930    -0.33975
 86979    20021031     0.21354
 86979    20021129     0.67210
 86979    20021231    -0.30185
 86979    20030131     0.28971
 86979    20030228     0.02509
 86979    20030331    -0.09121
 86979    20030430     0.25337
 86979    20030530     0.34854
 86979    20030630    -0.09697
 86979    20030731     0.15718
 86979    20030829     0.19265
 86979    20030930    -0.12841
 86979    20031031     0.20000
 86979    20031128     0.04833
 86979    20031231    -0.01007
 11850    20010131    -0.03206
 11850    20010228    -0.03161
 11850    20010330    -0.00062
 11850    20010430     0.09383
 11850    20010531     0.00666
 11850    20010629    -0.01555
 11850    20010731    -0.04385
 11850    20010831    -0.03305
 11850    20010928    -0.01868
 11850    20011031     0.00127
 11850    20011130    -0.04613
 11850    20011231     0.05080
 11850    20020131    -0.00636
 11850    20020228     0.06351
 11850    20020328     0.06126
 11850    20020430    -0.08350
 11850    20020531    -0.00025
 11850    20020628     0.02479
 11850    20020731    -0.10166
 11850    20020830    -0.02938
 11850    20020930    -0.10014
 11850    20021031     0.05517
 11850    20021129     0.04070
 11850    20021231     0.00402
 11850    20030131    -0.02261
 11850    20030228     0.00293
 11850    20030331     0.02734
 11850    20030430     0.00715
 11850    20030530     0.04119
 11850    20030630    -0.01346
 11850    20030731    -0.00919
 11850    20030829     0.06661
 11850    20030930    -0.02918
 11850    20031031    -0.00055
 11850    20031128    -0.00355
 11850    20031231     0.13260
 12060    20010131    -0.04083
 12060    20010228     0.01131
 12060    20010330    -0.09634
 12060    20010430     0.15934
 12060    20010531     0.00968
 12060    20010629    -0.00510
 12060    20010731    -0.10441
 12060    20010831    -0.05793
 12060    20010928    -0.08834
 12060    20011031    -0.02124
 12060    20011130     0.05740
 12060    20011231     0.04571
 12060    20020131    -0.07310
 12060    20020228     0.04118
 12060    20020328    -0.02727
 12060    20020430    -0.15754
 12060    20020531    -0.01300
 12060    20020628    -0.06134
 12060    20020731     0.10843
 12060    20020830    -0.06366
 12060    20020930    -0.17645
 12060    20021031     0.02434
 12060    20021129     0.07406
 12060    20021231    -0.09513
 12060    20030131    -0.04969
 12060    20030228     0.04754
 12060    20030331     0.06029
 12060    20030430     0.15490
 12060    20030530    -0.02547
 12060    20030630     0.00592
 12060    20030731    -0.00837
 12060    20030829     0.03973
 12060    20030930     0.01454
 12060    20031031    -0.02684
 12060    20031128    -0.01172
 12060    20031231     0.08755
 15579    20010131    -0.07501
 15579    20010228    -0.32534
 15579    20010330     0.04839
 15579    20010430     0.24988
 15579    20010531    -0.11835
 15579    20010629    -0.06506
 15579    20010731     0.08217
 15579    20010831    -0.04058
 15579    20010928    -0.24532
 15579    20011031     0.12135
 15579    20011130     0.14505
 15579    20011231    -0.12637
 15579    20020131     0.11540
 15579    20020228    -0.05960
 15579    20020328     0.12777
 15579    20020430    -0.06492
 15579    20020531    -0.07307
 15579    20020628    -0.17335
 15579    20020731    -0.02231
 15579    20020830    -0.14903
 15579    20020930    -0.25025
 15579    20021031     0.07524
 15579    20021129     0.26166
 15579    20021231    -0.24988
 15579    20030131     0.06071
 15579    20030228     0.05346
 15579    20030331    -0.02269
 15579    20030430     0.13080
 15579    20030530     0.10871
 15579    20030630    -0.14146
 15579    20030731     0.07337
 15579    20030829     0.26391
 15579    20030930    -0.04403
 15579    20031031     0.26935
 15579    20031128     0.02905
 15579    20031231    -0.01277
 21936    20010131    -0.01848
 21936    20010228    -0.00089
 21936    20010330    -0.09000
 21936    20010430     0.05739
 21936    20010531    -0.00693
 21936    20010629    -0.06622
 21936    20010731     0.02921
 21936    20010831    -0.06793
 21936    20010928     0.04672
 21936    20011031     0.04489
 21936    20011130     0.03628
 21936    20011231    -0.07989
 21936    20020131     0.04567
 21936    20020228    -0.01392
 21936    20020328    -0.02979
 21936    20020430    -0.08530
 21936    20020531    -0.04457
 21936    20020628     0.01156
 21936    20020731    -0.07571
 21936    20020830     0.02658
 21936    20020930    -0.12273
 21936    20021031     0.09476
 21936    20021129    -0.00346
 21936    20021231    -0.03045
 21936    20030131    -0.00196
 21936    20030228    -0.01779
 21936    20030331     0.04494
 21936    20030430    -0.01316
 21936    20030530     0.01366
 21936    20030630     0.10090
 21936    20030731    -0.02313
 21936    20030829    -0.09862
 21936    20030930     0.01537
 21936    20031031     0.04016
 21936    20031128     0.06709
 21936    20031231     0.05243
 45241    20010131     0.00786
 45241    20010228     0.03838
 45241    20010330    -0.14799
 45241    20010430     0.03224
 45241    20010531     0.21112
 45241    20010629    -0.04132
 45241    20010731     0.10634
 45241    20010831    -0.07053
 45241    20010928    -0.01192
 45241    20011031     0.03105
 45241    20011130    -0.04813
 45241    20011231     0.15749
 45241    20020131     0.01159
 45241    20020228    -0.04077
 45241    20020328     0.02741
 45241    20020430    -0.05581
 45241    20020531    -0.04291
 45241    20020628    -0.04104
 45241    20020731     0.09421
 45241    20020830    -0.05770
 45241    20020930     0.12342
 45241    20021031     0.19485
 45241    20021129     0.09532
 45241    20021231    -0.08488
 45241    20030131     0.05376
 45241    20030228    -0.03768
 45241    20030331     0.08373
 45241    20030430    -0.04169
 45241    20030530    -0.02359
 45241    20030630     0.08416
 45241    20030731    -0.12548
 45241    20030829    -0.01838
 45241    20030930     0.09468
 45241    20031031    -0.02799
 45241    20031128     0.09258
 45241    20031231     0.13104
 58640    20010131     0.19236
 58640    20010228    -0.51635
 58640    20010330    -0.23912
 58640    20010430     0.08897
 58640    20010531    -0.12876
 58640    20010629    -0.32117
 58640    20010731    -0.11406
 58640    20010831    -0.21750
 58640    20010928    -0.10383
 58640    20011031     0.03565
 58640    20011130     0.34251
 58640    20011231    -0.04359
 58640    20020131    -0.02949
 58640    20020228    -0.29972
 58640    20020328    -0.11440
 58640    20020430    -0.24276
 58640    20020531    -0.35000
 58640    20020628    -0.34389
 58640    20020731    -0.33103
 58640    20020830     0.08247
 58640    20020930    -0.48571
 58640    20021031     1.27778
 58640    20021129     0.57724
 58640    20021231    -0.17010
 58640    20030131     0.47205
 58640    20030228    -0.09283
 58640    20030331    -0.03256
 58640    20030430     0.24038
 58640    20030530     0.21705
 58640    20030630    -0.14013
 58640    20030731     0.09259
 58640    20030829     0.09831
 58640    20030930     0.26543
 58640    20031031     0.08293
 58640    20031128     0.01577
 58640    20031231    -0.06208
 59408    20010131     0.17319
 59408    20010228    -0.06150
 59408    20010330     0.09610
 59408    20010430     0.02283
 59408    20010531     0.06804
 59408    20010629     0.01316
 59408    20010731     0.05980
 59408    20010831    -0.03332
 59408    20010928    -0.04130
 59408    20011031     0.01010
 59408    20011130     0.04052
 59408    20011231     0.03535
 59408    20020131     0.00127
 59408    20020228     0.02412
 59408    20020328     0.06364
 59408    20020430     0.06557
 59408    20020531     0.04594
 59408    20020628    -0.06398
 59408    20020731    -0.05486
 59408    20020830     0.05383
 59408    20020930    -0.08105
 59408    20021031     0.09404
 59408    20021129     0.00401
 59408    20021231     0.00185
 59408    20030131     0.00690
 59408    20030228    -0.01156
 59408    20030331    -0.02542
 59408    20030430     0.10787
 59408    20030530     0.00203
 59408    20030630     0.07372
 59408    20030731     0.04479
 59408    20030829    -0.04021
 59408    20030930    -0.00517
 59408    20031031    -0.02960
 59408    20031128    -0.00396
 59408    20031231     0.07689
 77605    20010131     0.22447
 77605    20010228    -0.01611
 77605    20010330     0.22377
 77605    20010430    -0.21308
 77605    20010531     0.09068
 77605    20010629    -0.01848
 77605    20010731     0.05941
 77605    20010831     0.06052
 77605    20010928     0.07330
 77605    20011031     0.10927
 77605    20011130     0.16974
 77605    20011231    -0.09323
 77605    20020131    -0.06841
 77605    20020228    -0.00490
 77605    20020328     0.12209
 77605    20020430    -0.00678
 77605    20020531     0.11758
 77605    20020628     0.05278
 77605    20020731     0.02285
 77605    20020830    -0.02801
 77605    20020930     0.08268
 77605    20021031     0.19233
 77605    20021129     0.11613
 77605    20021231     0.01238
 77605    20030131    -0.04868
 77605    20030228     0.09197
 77605    20030331    -0.07720
 77605    20030430     0.05618
 77605    20030530     0.21022
 77605    20030630     0.17274
 77605    20030731     0.03486
 77605    20030829    -0.04950
 77605    20030930     0.06156
 77605    20031031     0.06144
 77605    20031128     0.05995
 77605    20031231     0.02424
 83332    20010131     0.37778
 83332    20010228    -0.37581
 83332    20010330    -0.13978
 83332    20010430     0.00602
 83332    20010531    -0.21279
 83332    20010629    -0.21193
 83332    20010731     0.07890
 83332    20010831     0.01791
 83332    20010928    -0.15982
 83332    20011031     0.16928
 83332    20011130     0.09254
 83332    20011231    -0.13934
 83332    20020131     0.03492
 83332    20020228    -0.14724
 83332    20020328    -0.14928
 83332    20020430    -0.02748
 83332    20020531     0.01087
 83332    20020628    -0.55846
 83332    20020731     0.05422
 83332    20020830    -0.01143
 83332    20020930    -0.56069
 83332    20021031     0.61842
 83332    20021129     0.43902
 83332    20021231    -0.28814
 83332    20030131     0.47619
 83332    20030228    -0.11828
 83332    20030331    -0.10366
 83332    20030430     0.22449
 83332    20030530     0.22778
 83332    20030630    -0.08145
 83332    20030731    -0.13793
 83332    20030829     0.08000
 83332    20030930     0.14286
 83332    20031031     0.48148
 83332    20031128     0.00000
 83332    20031231    -0.11250
 85032    20010131     0.03046
 85032    20010228    -0.12227
 85032    20010330    -0.05193
 85032    20010430     0.16690
 85032    20010531    -0.10049
 85032    20010629    -0.13255
 85032    20010731    -0.18419
 85032    20010831    -0.17308
 85032    20010928    -0.22326
 85032    20011031    -0.22455
 85032    20011130    -0.08108
 85032    20011231     0.18740
 85032    20020131    -0.25690
 85032    20020228    -0.17143
 85032    20020328    -0.05517
 85032    20020430    -0.38808
 85032    20020531     0.02584
 85032    20020628    -0.45736
 85032    20020731    -0.54286
 85032    20020830     1.56250
 85032    20020930    -0.30488
 85032    20021031     0.48684
 85032    20021129     0.42773
 85032    20021231     0.03306
 85032    20030131    -0.09600
 85032    20030228    -0.20796
 85032    20030331    -0.02514
 85032    20030430     0.08023
 85032    20030530     0.19098
 85032    20030630     0.06459
 85032    20030731    -0.16527
 85032    20030829     0.11529
 85032    20030930    -0.23595
 85032    20031031     0.03824
 85032    20031128     0.03683
 85032    20031231     0.18033
 22779    20010131     0.12642
 22779    20010228    -0.33494
 22779    20010330    -0.05735
 22779    20010430     0.09046
 22779    20010531    -0.05466
 22779    20010629     0.12925
 22779    20010731     0.12862
 22779    20010831    -0.06902
 22779    20010928    -0.10115
 22779    20011031     0.04936
 22779    20011130     0.01038
 22779    20011231    -0.08948
 22779    20020131    -0.11385
 22779    20020228    -0.02329
 22779    20020328     0.09538
 22779    20020430     0.08451
 22779    20020531     0.03831
 22779    20020628    -0.08505
 22779    20020731    -0.20493
 22779    20020830     0.03448
 22779    20020930    -0.14833
 22779    20021031    -0.09921
 22779    20021129     0.22574
 22779    20021231    -0.22687
 22779    20030131    -0.07746
 22779    20030228     0.05514
 22779    20030331    -0.01425
 22779    20030430    -0.04237
 22779    20030530     0.07712
 22779    20030630     0.11150
 22779    20030731    -0.04136
 22779    20030829     0.18695
 22779    20030930     0.11743
 22779    20031031     0.13222
 22779    20031128     0.03769
 22779    20031231     0.00000
 27828    20010131     0.16752
 27828    20010228    -0.21710
 27828    20010330     0.08666
 27828    20010430    -0.09082
 27828    20010531     0.03130
 27828    20010629    -0.02183
 27828    20010731    -0.13776
 27828    20010831    -0.05880
 27828    20010928    -0.30504
 27828    20011031     0.04860
 27828    20011130     0.30660
 27828    20011231    -0.06230
 27828    20020131     0.07644
 27828    20020228    -0.09000
 27828    20020328    -0.10437
 27828    20020430    -0.04682
 27828    20020531     0.11637
 27828    20020628    -0.19539
 27828    20020731    -0.07395
 27828    20020830    -0.05088
 27828    20020930    -0.12509
 27828    20021031     0.35390
 27828    20021129     0.23291
 27828    20021231    -0.10472
 27828    20030131     0.00288
 27828    20030228    -0.08960
 27828    20030331    -0.01388
 27828    20030430     0.04823
 27828    20030530     0.19632
 27828    20030630     0.09641
 27828    20030731    -0.00610
 27828    20030829    -0.05857
 27828    20030930    -0.02459
 27828    20031031     0.15238
 27828    20031128    -0.02555
 27828    20031231     0.06026
 45356    20010131     0.10991
 45356    20010228    -0.11282
 45356    20010330    -0.20874
 45356    20010430     0.23456
 45356    20010531     0.07645
 45356    20010629    -0.05096
 45356    20010731    -0.02403
 45356    20010831    -0.02350
 45356    20010928    -0.12392
 45356    20011031     0.08000
 45356    20011130     0.19658
 45356    20011231     0.00191
 45356    20020131    -0.40323
 45356    20020228    -0.17212
 45356    20020328     0.11108
 45356    20020430    -0.42915
 45356    20020531     0.18970
 45356    20020628    -0.38394
 45356    20020731    -0.05255
 45356    20020830     0.22578
 45356    20020930    -0.10054
 45356    20021031     0.02553
 45356    20021129     0.22752
 45356    20021231    -0.03704
 45356    20030131    -0.06265
 45356    20030228    -0.07558
 45356    20030331    -0.13024
 45356    20030430     0.21306
 45356    20030530     0.13462
 45356    20030630     0.07302
 45356    20030731    -0.02002
 45356    20030829     0.10645
 45356    20030930    -0.00668
 45356    20031031     0.02203
 45356    20031128     0.09914
 45356    20031231     0.15523
 47896    20010131     0.21728
 47896    20010228    -0.15148
 47896    20010330    -0.03772
 47896    20010430     0.07617
 47896    20010531     0.02439
 47896    20010629    -0.09257
 47896    20010731    -0.02152
 47896    20010831    -0.09007
 47896    20010928    -0.13325
 47896    20011031     0.04539
 47896    20011130     0.06674
 47896    20011231    -0.03632
 47896    20020131    -0.05392
 47896    20020228    -0.14097
 47896    20020328     0.21880
 47896    20020430    -0.00589
 47896    20020531     0.02422
 47896    20020628    -0.05647
 47896    20020731    -0.25413
 47896    20020830     0.05769
 47896    20020930    -0.28068
 47896    20021031     0.11058
 47896    20021129     0.21301
 47896    20021231    -0.04648
 47896    20030131    -0.01333
 47896    20030228    -0.02828
 47896    20030331     0.04541
 47896    20030430     0.25221
 47896    20030530     0.11959
 47896    20030630     0.04017
 47896    20030731     0.03540
 47896    20030829    -0.02368
 47896    20030930     0.00321
 47896    20031031     0.05564
 47896    20031128    -0.01393
 47896    20031231     0.03757
 55976    20010131     0.06918
 55976    20010228    -0.11813
 55976    20010330     0.00958
 55976    20010430     0.02455
 55976    20010531     0.00019
 55976    20010629    -0.05565
 55976    20010731     0.14549
 55976    20010831    -0.14043
 55976    20010928     0.03163
 55976    20011031     0.03838
 55976    20011130     0.07296
 55976    20011231     0.04479
 55976    20020131     0.04222
 55976    20020228     0.03384
 55976    20020328    -0.01024
 55976    20020430    -0.08874
 55976    20020531    -0.03151
 55976    20020628     0.01821
 55976    20020731    -0.10598
 55976    20020830     0.08743
 55976    20020930    -0.07788
 55976    20021031     0.08753
 55976    20021129     0.00654
 55976    20021231    -0.06150
 55976    20030131    -0.05365
 55976    20030228     0.00544
 55976    20030331     0.08448
 55976    20030430     0.08245
 55976    20030530    -0.06587
 55976    20030630     0.02186
 55976    20030731     0.04174
 55976    20030829     0.05831
 55976    20030930    -0.05611
 55976    20031031     0.05712
 55976    20031128    -0.05615
 55976    20031231    -0.04493
 61241    20010131     0.78100
 61241    20010228    -0.12602
 61241    20010330     0.23442
 61241    20010430     0.16805
 61241    20010531    -0.08871
 61241    20010629     0.02301
 61241    20010731    -0.36817
 61241    20010831    -0.25794
 61241    20010928    -0.39852
 61241    20011031     0.20736
 61241    20011130     0.37805
 61241    20011231     0.16962
 61241    20020131     0.01198
 61241    20020228    -0.15888
 61241    20020328     0.08963
 61241    20020430    -0.23997
 61241    20020531     0.02236
 61241    20020628    -0.14961
 61241    20020731    -0.17387
 61241    20020830     0.10212
 61241    20020930    -0.39661
 61241    20021031     0.14981
 61241    20021129     0.46580
 61241    20021231    -0.28222
 61241    20030131    -0.18885
 61241    20030228     0.04771
 61241    20030331     0.12568
 61241    20030430     0.20388
 61241    20030530    -0.02151
 61241    20030630    -0.11951
 61241    20030731     0.13885
 61241    20030829     0.54658
 61241    20030930    -0.01594
 61241    20031031     0.36814
 61241    20031128     0.18224
 61241    20031231    -0.17084
 70519    20010131     0.09611
 70519    20010228    -0.11881
 70519    20010330    -0.08540
 70519    20010430     0.09271
 70519    20010531     0.04557
 70519    20010629     0.03102
 70519    20010731    -0.04977
 70519    20010831    -0.08464
 70519    20010928    -0.11572
 70519    20011031     0.12395
 70519    20011130     0.05580
 70519    20011231     0.05386
 70519    20020131    -0.05784
 70519    20020228    -0.04536
 70519    20020328     0.09436
 70519    20020430    -0.12561
 70519    20020531     0.00139
 70519    20020628    -0.10259
 70519    20020731    -0.13445
 70519    20020830     0.04646
 70519    20020930    -0.09466
 70519    20021031     0.25228
 70519    20021129     0.05223
 70519    20021231    -0.09491
 70519    20030131    -0.01733
 70519    20030228    -0.03025
 70519    20030331     0.03329
 70519    20030430     0.13933
 70519    20030530     0.05019
 70519    20030630     0.04339
 70519    20030731     0.05491
 70519    20030829    -0.03237
 70519    20030930     0.04983
 70519    20031031     0.04922
 70519    20031128    -0.00781
 70519    20031231     0.03211
 77418    20010131     0.51034
 77418    20010228    -0.16229
 77418    20010330    -0.08812
 77418    20010430     0.25778
 77418    20010531     0.03347
 77418    20010629     0.01552
 77418    20010731    -0.14245
 77418    20010831    -0.17822
 77418    20010928    -0.11379
 77418    20011031    -0.06042
 77418    20011130     0.12219
 77418    20011231    -0.08023
 77418    20020131    -0.18037
 77418    20020228    -0.05739
 77418    20020328    -0.04637
 77418    20020430    -0.19577
 77418    20020531    -0.01682
 77418    20020628    -0.21337
 77418    20020731    -0.21822
 77418    20020830     0.10000
 77418    20020930    -0.07510
 77418    20021031     0.26068
 77418    20021129     0.10983
 77418    20021231    -0.19976
 77418    20030131    -0.10992
 77418    20030228    -0.02916
 77418    20030331    -0.04064
 77418    20030430     0.25967
 77418    20030530     0.11257
 77418    20030630     0.05716
 77418    20030731    -0.04102
 77418    20030829     0.06027
 77418    20030930    -0.07641
 77418    20031031     0.01191
 77418    20031128     0.06475
 77418    20031231     0.10504
 87128    20010131    -0.21034
 87128    20010228    -0.35953
 87128    20010330     0.10075
 87128    20010430     0.42458
 87128    20010531    -0.14478
 87128    20010629    -0.24111
 87128    20010731    -0.01712
 87128    20010831    -0.27831
 87128    20010928    -0.00572
 87128    20011031     0.31054
 87128    20011130     0.12189
 87128    20011231     0.06606
 87128    20020131    -0.04403
 87128    20020228    -0.11429
 87128    20020328     0.00998
 87128    20020430    -0.21601
 87128    20020531    -0.14637
 87128    20020628     0.04323
 87128    20020731    -0.14365
 87128    20020830     0.07177
 87128    20020930    -0.00301
 87128    20021031     0.25434
 87128    20021129     0.15584
 87128    20021231    -0.19313
 87128    20030131    -0.07161
 87128    20030228    -0.08061
 87128    20030331     0.08143
 87128    20030430     0.18273
 87128    20030530     0.08871
 87128    20030630    -0.08925
 87128    20030731    -0.06878
 87128    20030829     0.06471
 87128    20030930    -0.04236
 87128    20031031     0.08910
 87128    20031128     0.05827
 87128    20031231    -0.05450
 88394    20010131     0.21557
 88394    20010228    -0.01348
 88394    20010330     0.01115
 88394    20010430     0.05903
 88394    20010531    -0.17402
 88394    20010629     0.00821
 88394    20010731     0.03747
 88394    20010831    -0.20809
 88394    20010928    -0.12682
 88394    20011031    -0.06628
 88394    20011130     0.18006
 88394    20011231    -0.17001
 88394    20020131    -0.02036
 88394    20020228    -0.02745
 88394    20020328     0.10820
 88394    20020430    -0.02971
 88394    20020531     0.10937
 88394    20020628    -0.09348
 88394    20020731    -0.15187
 88394    20020830    -0.12621
 88394    20020930    -0.16737
 88394    20021031    -0.12653
 88394    20021129     0.34515
 88394    20021231    -0.18278
 88394    20030131    -0.00968
 88394    20030228    -0.08672
 88394    20030331    -0.09615
 88394    20030430     0.38298
 88394    20030530     0.01942
 88394    20030630     0.04667
 88394    20030731     0.01547
 88394    20030829     0.04521
 88394    20030930    -0.06834
 88394    20031031     0.13556
 88394    20031128     0.08821
 88394    20031231     0.21212
