  -1.043
  -2.478
 -12.283
   8.598
   3.626
   6.625
   0.000
   0.000
   6.307
   3.175
   3.077
   2.985
   2.278
   7.796
  16.833
   7.564
  13.890
  -5.023
   8.240
   3.060
   1.900
  -0.818
   8.655
  19.769
   4.083
   2.762
   0.485
  -0.686
  -1.588
  -0.401
  -1.019
   6.926
   7.547
   3.515
  10.016
   3.145
  -2.023
   5.179
   0.155
  11.709
  -1.188
  17.267
  10.393
   3.375
  -4.944
 -20.954
 -25.228
  17.709
   1.074
   6.573
   4.814
  -0.413
   7.312
 -11.108
   0.000
   3.966
 -11.935
 -10.309
   2.251
   8.530
   2.469
  11.796
  -5.038
  -2.328
 -23.817
  17.499
  -9.565
   6.825
 -26.029
  10.810
  -1.653
  -7.830
  -4.663
   2.359
  -4.389
 -18.233
 -17.733
  -4.973
  18.299
  30.097
   2.445
 -14.197
 -10.254
  13.588
   2.062
 -18.314
  15.694
  23.219
   7.796
  12.883
   2.920
   5.935
  -9.973
  -1.623
  11.704
  -1.206
   2.934
  -2.062
  -6.825
   7.250
  -6.874
   5.555
  -4.486
   2.952
   3.571
  -1.428
  10.572
   1.637
  -0.658
   4.831
   1.017
   8.937
  -0.866
   3.419
   3.334
  -0.685
  -1.386
   1.396
   1.240
   1.483
   2.423
  -4.906
   3.390
  -9.700
   2.439
   4.419
  -4.611
   2.257
   2.389
   0.257
  10.799
  -0.131
  -4.538
  -1.607
  -4.645
   1.629
  -7.340
   0.330
   6.766
  -6.766
  -1.511
  -2.247
  -8.004
   4.626
   6.887
   4.667
 -10.591
   6.694
   1.783
   9.113
   6.312
  -0.614
   1.223
   6.817
   0.856
   5.795
  -4.068
   3.662
  -3.465
  -1.499
   6.788
  -0.354
   6.632
  -9.825
  -1.486
   8.398
   0.000
   3.882
  -2.939
   5.005
  -0.681
  -1.345
 -17.650
  -4.879
   2.496
   0.527
   9.036
   1.761
   0.633
   1.720
   0.070
  -1.489
   3.319
  -8.535
   6.437
   3.431
   2.562
  -0.714
   2.516
  -3.185
   0.323
  -1.626
 -11.841
  -3.789
  -3.728
  -0.859
   3.858
  10.006
   2.806
   1.828
   0.361
   1.987
   5.735
   2.007
   7.682
   1.132
   4.134
   0.621
   4.835
   0.889
  -1.486
   3.240
   1.883
  -1.009
  -3.240
   4.432
  -2.933
  -2.211
  10.261
  -0.951
   1.386
   0.583
   1.264
   3.698
   0.695
  -3.667
   6.266
   0.678
  -1.539
   4.851
  -0.904
   4.372
   4.317
  -1.560
   0.523
   1.424
   4.061
   9.937
   9.449
  -1.873
   2.387
   3.279
   5.591
  11.805
   4.719
  -1.626
   1.222
  -6.481
  -8.622
  -0.953
   0.299
   0.956
   5.046
  -3.922
  -1.192
  -7.466
   4.051
   2.956
   4.276
   0.000
   0.234
   1.161
   5.367
   5.596
  -8.248
   6.672
   4.737
   0.709
   3.813
   0.000
  -4.914
   8.115
  -4.962
   7.761
  -2.882
   4.843
   5.199
  -4.911
   4.783
   3.014
   0.000
  -4.832
   9.741
   0.000
   5.850
  11.145
  -1.408
  16.226
   5.319
  -0.881
   3.708
  -1.946
   2.160
 -10.393
 -10.009
   9.052
   2.858
  -0.943
   1.060
   1.752
   5.571
  -4.226
  -1.824
   0.611
  -0.244
  -1.735
   6.766
   3.895
  -2.053
  -6.670
   0.980
   6.867
  -3.344
  -4.966
   0.784
  -1.311
   5.892
   9.075
  -0.458
  -0.806
  -1.994
   2.111
   6.946
   7.136
  -1.392
   2.763
   1.463
  -5.107
   4.900
  -3.074
   3.283
  -0.418
  -2.985
   0.862
   3.168
   5.553
   5.322
   4.320
  20.902
   0.597
   6.726
   4.604
  -0.501
  -4.980
   3.473
   6.123
  17.075
  -1.780
   2.590
   0.403
   6.504
   7.519
  -2.125
  -0.721
   1.554
  -3.994
  -1.748
  -4.376
   4.628
   3.969
  -3.279
   5.001
  19.084
   6.832
   1.521
  13.077
   5.078
  -5.899
  -6.723
   3.044
   4.603
  10.126
  -4.159
  -1.655
   2.140
   9.627
   5.980
  11.684
   1.648
  -6.096
  -5.029
  -0.668
   3.974
   0.843
   5.269
   2.351
   5.190
   1.435
  -0.457
   5.644
   0.136
   0.849
   9.237
   6.408
   2.867
  20.440
  -6.716
   5.711
   2.613
   7.621
  18.594
  -4.794
  -4.567
  -0.703
  -3.110
  -0.610
   6.530
   0.515
  -5.210
   0.659
   4.902
   3.029
  10.928
   3.509
   0.478
   2.309
  -3.802
  -0.974
   8.754
   6.263
   7.000
   6.062
   2.920
   2.697
   2.715
  -2.697
   2.390
   6.576
   3.499
   8.802
  -1.181
  -0.172
  -6.603
  -0.787
  -0.794
 -15.996
 -14.365
 -14.580
  13.169
   2.551
 -11.417
  -2.145
  14.315
  -2.156
   8.300
  -5.581
   5.180
   9.671
   3.079
  -8.983
  -0.402
   2.556
   1.617
   8.885
  -1.530
   4.384
   6.675
   5.081
   4.342
  -4.123
   5.346
  -0.627
  -3.196
  -4.482
  -0.912
  -3.853
  -1.499
  -0.730
   9.097
   1.932
  -0.330
   6.550
  -1.140
  -4.274
   4.483
   4.391
   2.669
   3.922
  -1.227
  -5.079
  -0.603
   4.050
   0.194
   7.736
  -2.125
  -3.013
  -2.821
  -5.784
  -0.940
   4.466
  12.737
  -1.204
   7.266
   7.613
   4.768
   9.612
  -3.587
   6.487
   2.039
  -1.368
   9.262
   7.931
   3.249
   2.421
  -5.322
  -2.245
   5.452
  10.086
   5.429
  -0.914
  -4.333
  -0.919
   0.000
  -8.517
   8.354
  -5.782
  -6.136
  -0.702
   6.794
   4.362
  -2.532
   5.712
  -4.002
   6.416
   0.072
   4.322
  -0.695
   2.079
  -8.365
   1.832
  -0.515
 -12.744
  -6.517
 -10.616
   1.371
   5.401
   9.146
   1.176
   4.408
   3.360
   2.410
   3.709
   6.054
   0.070
  -8.591
  -3.106
  -8.472
   4.711
  -0.082
  -1.076
   2.075
   9.665
   8.948
   0.502
   3.663
   0.976
   3.338
  -1.457
   2.207
   2.246
  -0.491
  -5.304
   1.761
   2.774
   8.004
  -0.599
   0.000
  -5.600
  -3.279
   0.712
  -0.792
  -4.016
 -15.415
   8.272
  -5.174
  -7.136
  -0.610
  -2.516
  -0.897
  -3.673
  -6.110
   0.118
  -5.371
  -4.113
 -18.860
  17.351
  -5.642
  -5.360
  11.381
  14.212
  -4.205
   1.561
   3.108
  -2.831
  -9.399
  -1.190
   1.068
  11.999
   7.213
  -0.943
  13.923
  -0.145
   2.463
  -3.347
   1.954
   7.550
  -1.685
   1.369
   2.793
  -3.481
   0.550
   2.954
  -1.398
   1.174
   0.181
  -6.635
  -4.244
   7.266
   1.551
   1.021
  -2.786
  -1.447
   3.533
   3.535
  -2.969
  -4.376
  -6.474
  12.178
  -1.848
  -0.388
   8.830
   4.779
  -5.230
  -4.712
   3.031
  10.220
   3.376
  -1.735
   5.038
  -0.397
  -2.191
  -3.515
  -5.066
   1.578
  -3.267
  -8.266
   5.816
  -1.350
   6.393
  -6.417
 -13.017
  -1.582
   2.448
   5.916
  10.494
   1.687
  -2.121
   3.825
   3.481
  -0.368
  -5.295
   1.136
  -2.961
  -6.200
   1.666
  -1.500
  -3.071
  -0.249
  -1.831
  -4.972
   7.227
   4.266
  11.215
  -1.409
  -3.494
   7.261
  -2.986
  -1.433
   7.925
   8.378
   3.997
   8.488
   8.958
  10.681
   2.690
   0.991
   2.740
  13.966
  -4.190
   7.779
   0.104
   0.062
   5.989
  -0.099
  -6.878
   3.864
  -6.673
  -2.596
   3.344
  -0.219
  -4.542
  -1.873
   4.620
  11.983
   0.403
   1.180
  -2.334
   1.123
  10.220
  -0.939
  -5.365
  -0.395
   2.517
  -3.864
   5.980
  -2.817
  -2.196
   4.730
   8.112
  10.679
  -2.606
   0.314
   0.413
   3.087
  -1.792
  -3.932
 -10.044
   5.399
  -3.111
  -8.432
   3.653
  -5.768
   7.038
   8.805
   7.340
   6.449
   0.607
   1.551
  -0.927
   5.130
 -11.057
 -20.752
  -9.095
   4.200
  -2.743
   5.391
  -8.778
   5.205
   0.198
  12.418
  -1.284
 -11.045
   3.416
   6.094
  -2.498
   2.808
   6.933
  -6.341
 -10.742
   4.370
  -2.815
   2.031
   2.755
   2.859
  -6.961
  -8.597
  -1.421
  -3.651
   4.670
   6.344
   2.143
   2.673
  10.618
  -2.105
  -5.241
  -7.847
   4.322
  -0.944
   8.597
  -0.552
  11.483
   2.501
 -12.277
 -10.037
   4.123
  -8.862
   4.159
  -3.176
   6.736
  -5.326
  -4.731
  -3.857
   1.118
  -2.151
  -3.962
   8.327
   1.324
   7.558
  -3.245
  -7.578
  -7.023
 -18.854
   3.792
 -30.368
   2.208
   6.420
  -6.654
  -4.524
   9.161
  -6.612
 -10.395
   3.315
  -8.553
   9.097
  16.265
   4.757
   0.000
  -6.159
   3.256
   5.129
   9.531
  -6.984
   5.182
  10.536
   1.629
   6.768
  -4.812
   3.813
  -1.889
   4.573
   8.742
  14.168
  -1.464
   3.175
  12.585
  -4.942
  -8.976
   2.868
  -0.387
  -5.586
  17.177
  12.442
  -9.735
  -3.197
  -0.605
  -7.537
   8.237
   6.505
   8.482
   3.550
  21.364
  -5.067
   3.487
  -8.494
  -4.627
  15.649
   7.730
   4.244
  15.850
  -4.028
   4.461
  -7.338
  10.770
  -4.554
  -5.779
   5.791
  -0.540
  10.932
   1.579
  -2.314
  14.329
 -16.057
  13.186
  14.465
  10.745
  11.027
  -0.612
  -7.523
   4.323
  16.567
  10.454
  10.815
  -2.795
  -0.803
  -2.902
 -20.828
   4.898
   4.563
