19260130    -0.01038     0.02247
19260227    -0.02448    -0.04396
19260331    -0.11559    -0.05911
19260430     0.08978     0.02269
19260528     0.03693     0.00768
19260630     0.06849     0.04318
19260731     0.00000     0.04545
19260831     0.00000     0.01708
19260930     0.06510     0.02290
19261030     0.03226    -0.03134
19261130     0.03125     0.02234
19261231     0.03030     0.01658
19270131     0.02304    -0.02076
19270228     0.08108     0.04769
19270331     0.18333     0.00650
19270430     0.07857     0.01723
19270531     0.14901     0.05222
19270630    -0.04899    -0.00939
19270730     0.08589     0.06500
19270831     0.03107     0.04450
19270930     0.01918     0.04321
19271031    -0.00815    -0.05309
19271130     0.09041     0.06778
19271231     0.21859     0.01904
19280131     0.04167    -0.00510
19280229     0.02800    -0.01764
19280331     0.00486     0.10834
19280430    -0.00684     0.03241
19280531    -0.01575     0.01266
19280630    -0.00400    -0.04050
19280731    -0.01014     0.01251
19280831     0.07172     0.07411
19280929     0.07839     0.02396
19281031     0.03578     0.01451
19281130     0.10535     0.11993
19281231     0.03195     0.00288
19290131    -0.02003     0.05708
19290228     0.05315    -0.00583
19290328     0.00155    -0.00234
19290430     0.12422     0.01606
19290531    -0.01181    -0.04279
19290629     0.18847     0.11236
19290731     0.10952     0.04562
19290830     0.03433     0.09799
19290930    -0.04824    -0.04888
19291031    -0.18904    -0.19927
19291127    -0.22297    -0.13375
19291231     0.19374     0.02533
19300131     0.01080     0.06247
19300228     0.06794     0.02150
19300331     0.04932     0.07990
19300430    -0.00412    -0.00955
19300529     0.07586    -0.01647
19300630    -0.10513    -0.16456
19300731     0.00000     0.03666
19300829     0.04046     0.00754
19300930    -0.11250    -0.13009
19301031    -0.09795    -0.08876
19301129     0.02277    -0.02184
19301231     0.08904    -0.07423
19310131     0.02500     0.04889
19310228     0.12520     0.11436
19310331    -0.04913    -0.06916
19310430    -0.02301    -0.09587
19310529    -0.21193    -0.13718
19310630     0.19124     0.13902
19310731    -0.09122    -0.07417
19310831     0.07063     0.00947
19310930    -0.22917    -0.29942
19311031     0.11416     0.08445
19311130    -0.01639    -0.09782
19311231    -0.07531    -0.14526
19320130    -0.04556    -0.02833
19320229     0.02387     0.05070
19320331    -0.04294    -0.11821
19320430    -0.16667    -0.20246
19320531    -0.16250    -0.23328
19320630    -0.04851    -0.00895
19320730     0.20080     0.37698
19320831     0.35117     0.37541
19320930     0.02475    -0.03695
19321031    -0.13235    -0.13861
19321130    -0.09746    -0.05891
19321231     0.14554     0.05191
19330131     0.02083     0.00726
19330228    -0.16735    -0.18444
19330331     0.16993     0.03357
19330429     0.26136     0.42222
19330531     0.08108     0.15865
19330630     0.13750     0.13174
19330731     0.02963    -0.08799
19330831     0.06115     0.11457
19330930    -0.09492    -0.11362
19331031    -0.01610    -0.08850
19331129     0.12416     0.10268
19331230    -0.01199     0.02227
19340131     0.02977     0.10594
19340228    -0.02041    -0.03671
19340331    -0.06597    -0.00093
19340430     0.07519    -0.02698
19340531    -0.06643    -0.08126
19340630     0.05712     0.02081
19340731    -0.04387    -0.11519
19340831     0.02996     0.05415
19340929     0.03636    -0.00546
19341031    -0.01418    -0.03187
19341130     0.11151     0.08286
19341231     0.01650    -0.00419
19350131    -0.00656    -0.04211
19350228     0.04950    -0.03956
19350330     0.01022    -0.03089
19350430     0.09348     0.09563
19350531    -0.00862     0.03233
19350629     0.03478     0.06785
19350731     0.03390     0.08309
19350831    -0.00683     0.02166
19350930    -0.01376     0.02385
19351031     0.01406     0.07506
19351130     0.01248     0.03933
19351231     0.01494     0.03707
19360131     0.02453     0.06552
19360229    -0.04788     0.01677
19360331     0.03448     0.02543
19360430    -0.09244    -0.07708
19360529     0.02469     0.04575
19360630     0.04518     0.03056
19360731    -0.04506     0.06806
19360831     0.02283     0.00883
19360930     0.02418     0.00125
19361031     0.00257     0.07495
19361130     0.11404     0.00407
19361231    -0.00131    -0.00579
19370130    -0.04437     0.03783
19370227    -0.01594     0.01458
19370331    -0.04539    -0.00940
19370430     0.01642    -0.08315
19370528    -0.07077    -0.01035
19370630     0.00331    -0.05289
19370731     0.07000     0.10260
19370831    -0.06542    -0.05536
19370930    -0.01500    -0.14214
19371030    -0.02222    -0.10174
19371130    -0.07692    -0.10113
19371231     0.04735    -0.05041
19380131     0.07130     0.01327
19380228     0.04778     0.06080
19380331    -0.10049    -0.25044
19380430     0.06923     0.14118
19380531     0.01799    -0.04433
19380630     0.09541     0.24703
19380730     0.06515     0.07266
19380831    -0.00612    -0.02742
19380930     0.01231     0.01493
19381031     0.07055     0.07598
19381130     0.00860    -0.03341
19381231     0.05966     0.03771
19390131    -0.03986    -0.06889
19390228     0.03730     0.03252
19390331    -0.03406    -0.13543
19390429    -0.01488    -0.00546
19390531     0.07024     0.06227
19390630    -0.00353    -0.06379
19390731     0.06857     0.10866
19390831    -0.09358    -0.07143
19390930    -0.01475     0.16458
19391031     0.08761    -0.01459
19391130     0.00000    -0.04910
19391230     0.03958     0.02377
19400131    -0.02896    -0.03523
19400229     0.05132     0.00664
19400330    -0.00679     0.00989
19400430    -0.01336    -0.00490
19400531    -0.16180    -0.23954
19400629    -0.04762     0.07659
19400731     0.02527     0.03106
19400831     0.00528     0.02624
19400930     0.09457     0.00947
19401031     0.01777     0.03940
19401130     0.00635    -0.04242
19401231     0.01735    -0.00283
19410131     0.00070    -0.04820
19410228    -0.01478    -0.01490
19410331     0.03375     0.00403
19410430    -0.08181    -0.06526
19410531     0.06649     0.00430
19410630     0.03491     0.05348
19410731     0.02595     0.05482
19410830    -0.00711    -0.00866
19410930     0.02548    -0.00971
19411031    -0.03135    -0.06863
19411129     0.00324    -0.04211
19411231    -0.01613    -0.04505
19420131    -0.11167     0.01381
19420228    -0.03718    -0.02497
19420331    -0.03659    -0.06752
19420430    -0.00855    -0.04370
19420529     0.03933     0.06397
19420630     0.10524     0.01840
19420731     0.02846     0.03133
19420831     0.01845     0.00701
19420930     0.00362     0.02668
19421031     0.02007     0.06441
19421130     0.05903    -0.01380
19421231     0.02027     0.05167
19430130     0.07985     0.07165
19430227     0.01138     0.05062
19430331     0.04221     0.05273
19430430     0.00623     0.00086
19430529     0.04954     0.04487
19430630     0.00893     0.01982
19430731    -0.01475    -0.05425
19430831     0.03293     0.01027
19430930     0.01901     0.02373
19431030    -0.01004    -0.01325
19431130    -0.03188    -0.07550
19431231     0.04532     0.05898
19440131    -0.02890     0.01542
19440229    -0.02187    -0.00253
19440331     0.10806     0.01692
19440429    -0.00946    -0.01248
19440531     0.01396     0.04044
19440630     0.00585     0.05101
19440731     0.01272    -0.02080
19440831     0.03767     0.00865
19440930     0.00697    -0.00312
19441031    -0.03601     0.00000
19441130     0.06466     0.00391
19441230     0.00680     0.03507
19450131    -0.01527     0.01431
19450228     0.04971     0.06162
19450331    -0.00900    -0.04615
19450430     0.04469     0.08798
19450531     0.04412     0.01146
19450630    -0.01548    -0.00333
19450731     0.00524    -0.02005
19450831     0.01434     0.05798
19450929     0.04145     0.04191
19451031     0.10448     0.03032
19451130     0.09910     0.03243
19451231    -0.01856     0.00989
19460131     0.02416     0.06970
19460228     0.03333    -0.06947
19460330     0.05750     0.04630
19460430     0.12530     0.03761
19460531     0.04832     0.02239
19460628    -0.01613    -0.03910
19460731     0.01230    -0.02550
19460830    -0.06275    -0.07294
19460930    -0.08261    -0.10150
19461031    -0.00948    -0.00802
19461130     0.00299    -0.01146
19461231     0.00961     0.04294
19470131     0.05175     0.02353
19470228    -0.03846    -0.01469
19470331    -0.01185    -0.01685
19470430    -0.07194    -0.03889
19470529     0.04134    -0.00892
19470630     0.03000     0.05260
19470731     0.04369     0.03616
19470829     0.00000    -0.02792
19470930     0.00234    -0.01371
19471031     0.01168     0.02118
19471129     0.05514    -0.02852
19471231     0.05756     0.02068
19480131    -0.07917    -0.03987
19480228     0.06900    -0.04697
19480331     0.04851     0.07714
19480430     0.00712     0.02653
19480528     0.03887     0.07817
19480630     0.00000     0.00300
19480730    -0.04795    -0.05317
19480831     0.08453     0.00757
19480930    -0.04841    -0.03006
19481030     0.08070     0.06779
19481130    -0.02841    -0.10822
19481231     0.04962     0.03051
19490131     0.05337     0.00132
19490228    -0.04792    -0.03942
19490331     0.04899     0.03010
19490430     0.03060    -0.02125
19490531     0.00000    -0.03731
19490630    -0.04717    -0.00211
19490729     0.10231     0.06215
19490831     0.00000     0.01197
19490930     0.06024     0.02365
19491031     0.11790     0.02953
19491130    -0.01398     0.00125
19491231     0.17617     0.04359
19500131     0.05463     0.01730
19500228    -0.00877     0.00997
19500331     0.03778     0.00407
19500429    -0.01927     0.04511
19500531     0.02183     0.03929
19500630    -0.09871    -0.05804
19500731    -0.09524     0.00848
19500831     0.09474     0.03251
19500929     0.02899     0.05592
19501031    -0.00939     0.00411
19501130     0.01066    -0.00102
19501230     0.01767     0.04613
19510131     0.05729     0.06124
19510228    -0.04138     0.00646
19510331    -0.01807    -0.01835
19510430     0.00613     0.04813
19510531    -0.00244    -0.04057
19510629    -0.01720    -0.02602
19510731     0.07000     0.06870
19510831     0.03972     0.03929
19510928    -0.02032    -0.00086
19511031    -0.06452    -0.01376
19511130     0.00985    -0.00262
19511231     0.07108     0.03890
19520131    -0.03289     0.01557
19520229    -0.04845    -0.03645
19520331     0.00787     0.04772
19520430    -0.01302    -0.04309
19520529     0.06069     0.02316
19520630     0.09500     0.04610
19520731    -0.00457     0.01763
19520829    -0.00803    -0.01457
19520930    -0.01974    -0.01958
19521031     0.02133    -0.00081
19521128     0.07193     0.04649
19521231     0.07397     0.03546
19530130    -0.01382    -0.00715
19530227     0.02802    -0.01820
19530331     0.01474    -0.02355
19530430    -0.04979    -0.02649
19530529     0.05022    -0.00325
19530630    -0.03027    -0.01630
19530731     0.03337     0.02527
19530831    -0.00417    -0.05778
19530930    -0.02941     0.00129
19531030     0.00866     0.05096
19531130     0.03219     0.00896
19531231     0.05710     0.00202
19540129     0.05466     0.05119
19540226     0.04415     0.00268
19540331     0.23247     0.03021
19540430     0.00599     0.04900
19540528     0.06957     0.03291
19540630     0.04712     0.00069
19540730    -0.00500     0.05717
19540831    -0.04858    -0.03400
19540930     0.03534     0.08314
19541029     0.06314    -0.01950
19541130     0.18620     0.08081
19541231    -0.01764     0.05082
19550131     0.02624     0.01807
19550228     0.00404     0.00355
19550331     0.06720    -0.00490
19550429     0.07809     0.03773
19550531    -0.02103    -0.00132
19550630    -0.00718     0.08230
19550729     0.01566     0.06069
19550831    -0.03915    -0.00781
19550930    -0.01733     0.01135
19551031    -0.04282    -0.03046
19551130     0.04737     0.07487
19551230     0.04049    -0.00066
19560131    -0.03226    -0.03650
19560229     0.05128     0.03469
19560329     0.21027     0.06925
19560430     0.07071    -0.00206
19560531     0.01533    -0.06573
19560629     0.13970     0.03916
19560731     0.05209     0.05152
19560831    -0.05728    -0.03806
19560928    -0.06502    -0.04546
19561031     0.03091     0.00507
19561130     0.04711    -0.01097
19561231     0.10656     0.03527
19570131    -0.04074    -0.04178
19570228    -0.01641    -0.03265
19570329     0.02163     0.01965
19570430     0.10106     0.03695
19570531     0.06162     0.03695
19570628     0.12394    -0.00127
19570731     0.01662     0.01140
19570830    -0.05914    -0.05615
19570930    -0.04905    -0.06192
19571031    -0.00666    -0.03206
19571129     0.04054     0.01607
19571231     0.00847    -0.04147
19580131     0.05410     0.04276
19580228     0.02379    -0.02062
19580331     0.05327     0.03085
19580430     0.01445     0.03183
19580529    -0.00456     0.01496
19580630     0.05806     0.02608
19580731     0.00136     0.04310
19580829     0.00853     0.01187
19580930     0.09677     0.04838
19581031     0.06618     0.02537
19581128     0.02908     0.02240
19581231     0.22679     0.05202
19590130    -0.06495     0.00380
19590227     0.05877    -0.00018
19590331     0.02647     0.00054
19590430     0.07919     0.03878
19590529     0.20435     0.01893
19590630    -0.04681    -0.00358
19590731    -0.04464     0.03489
19590831    -0.00701    -0.01504
19590930    -0.03062    -0.04564
19591030    -0.00608     0.01125
19591130     0.06748     0.01321
19591231     0.00516     0.02763
19600129    -0.05077    -0.07146
19600229     0.00661     0.00917
19600331     0.05024    -0.01390
19600429     0.03075    -0.01753
19600531     0.11547     0.02685
19600630     0.03571     0.01952
19600729     0.00479    -0.02477
19600831     0.02336     0.02612
19600930    -0.03731    -0.06039
19601031    -0.00969    -0.00243
19601130     0.09149     0.04027
19601230     0.06463     0.04627
19610131     0.07251     0.06316
19610228     0.06250     0.02687
19610330     0.02963     0.02554
19610428     0.02734     0.00384
19610531     0.02752     0.01914
19610630    -0.02661    -0.02885
19610731     0.02419     0.03280
19610831     0.06797     0.01962
19610929     0.03561    -0.01969
19611031     0.09201     0.02832
19611130    -0.01174     0.03935
19611229    -0.00172     0.00322
19620131    -0.06390    -0.03788
19620228    -0.00784     0.01627
19620330    -0.00791    -0.00586
19620430    -0.14782    -0.06197
19620531    -0.13381    -0.08599
19620629    -0.13567    -0.08184
19620731     0.14075     0.06356
19620831     0.02584     0.01528
19620928    -0.10789    -0.04821
19621031    -0.02122     0.00444
19621130     0.15390     0.10156
19621231    -0.02133     0.01349
19630131     0.08654     0.04913
19630228    -0.05428    -0.02885
19630329     0.05316     0.03546
19630430     0.10154     0.04852
19630531     0.03127     0.01433
19630628    -0.08591    -0.02020
19630731    -0.00401    -0.00346
19630830     0.02589     0.04875
19630930     0.01630    -0.01103
19631031     0.09292     0.03222
19631129    -0.01518    -0.01054
19631231     0.04482     0.02444
19640131     0.06903     0.02693
19640228     0.05212     0.00987
19640331     0.04438     0.01517
19640430    -0.04039     0.00608
19640528     0.05491     0.01145
19640630    -0.00625     0.01642
19640731    -0.03145     0.01824
19640831    -0.04383    -0.01623
19640930    -0.00908     0.02872
19641030    -0.03780     0.00808
19641130    -0.01488    -0.00519
19641231    -0.00727     0.00391
19650129     0.09524     0.03316
19650226     0.01951    -0.00148
19650331    -0.00329    -0.01453
19650430     0.06769     0.03424
19650528    -0.01134    -0.00774
19650630    -0.04184    -0.04863
19650730     0.04585     0.01343
19650831     0.04489     0.02252
19650930     0.02705     0.03201
19651029     0.04000     0.02735
19651130    -0.01220    -0.00876
19651231    -0.04952     0.00895
19660131    -0.00601     0.00487
19660228     0.04133    -0.01787
19660331     0.00194    -0.02182
19660429     0.08043     0.02051
19660531    -0.02103    -0.05414
19660630    -0.02968    -0.01614
19660729    -0.02782    -0.01345
19660831    -0.05620    -0.07775
19660930    -0.00936    -0.00700
19661031     0.04567     0.04754
19661130     0.13584     0.00312
19661230    -0.01197    -0.00149
19670131     0.07537     0.07818
19670228     0.07910     0.00196
19670331     0.04884     0.03941
19670428     0.10089     0.04224
19670531    -0.03523    -0.05244
19670630     0.06702     0.01751
19670731     0.02060     0.04534
19670831    -0.01359    -0.01172
19670929     0.09705     0.03279
19671031     0.08254    -0.02906
19671130     0.03302     0.00106
19671229     0.02451     0.02628
19680131    -0.05183    -0.04385
19680229    -0.02220    -0.03122
19680329     0.05603     0.00940
19680430     0.10612     0.08193
19680531     0.05579     0.01117
19680628    -0.00910     0.00912
19680730    -0.04240    -0.01848
19680830    -0.00915     0.01146
19680930     0.00000     0.03854
19681031    -0.08164     0.00721
19681129     0.08713     0.04796
19681231    -0.05618    -0.04162
19690131    -0.05952    -0.00818
19690228    -0.00700    -0.04737
19690328     0.07030     0.03444
19690430     0.04459     0.02148
19690529    -0.02500    -0.00222
19690630     0.05878    -0.05558
19690731    -0.03923    -0.06018
19690829     0.06626     0.04007
19690930     0.00072    -0.02502
19691031     0.04417     0.04424
19691128    -0.00693    -0.03527
19691231     0.02101    -0.01865
19700130    -0.08025    -0.07647
19700227     0.01849     0.05269
19700331    -0.00514     0.00145
19700430    -0.11965    -0.09048
19700529    -0.06309    -0.06097
19700630    -0.10072    -0.05003
19700731     0.01380     0.07329
19700831     0.05550     0.04446
19700930     0.09577     0.03300
19701030     0.01183    -0.01140
19701130     0.04507     0.04745
19701231     0.03417     0.05677
19710129     0.02439     0.04048
19710226     0.03779     0.00907
19710331     0.06241     0.03680
19710430     0.00070     0.03629
19710528    -0.08232    -0.04156
19710630    -0.03058     0.00070
19710730    -0.08123    -0.04132
19710831     0.04824     0.03610
19710930    -0.00082    -0.00697
19711029    -0.01070    -0.04179
19711130     0.02097    -0.00255
19711231     0.10147     0.08618
19720131     0.09361     0.01812
19720229     0.00503     0.02530
19720330     0.03731     0.00591
19720428     0.00981     0.00438
19720531     0.03394     0.01728
19720630    -0.01446    -0.02182
19720731     0.02232     0.00233
19720831     0.02271     0.03445
19720929    -0.00490    -0.00486
19721031    -0.05166     0.00932
19721130     0.01777     0.04562
19721229     0.02813     0.01183
19730131     0.08333    -0.01711
19730228    -0.00597    -0.03749
19730330     0.00000    -0.00143
19730430    -0.05446    -0.04080
19730531    -0.03226    -0.01888
19730629     0.00715    -0.00657
19730731    -0.00789     0.03798
19730831    -0.03936    -0.03668
19730928    -0.14286     0.04010
19731031     0.08624    -0.00129
19731130    -0.05042    -0.11386
19731231    -0.06887     0.01657
19740131    -0.00608    -0.01005
19740228    -0.02485    -0.00362
19740329    -0.00893    -0.02328
19740430    -0.03606    -0.03905
19740531    -0.05927    -0.03355
19740628     0.00118    -0.01467
19740731    -0.05229    -0.07779
19740830    -0.04030    -0.09028
19740930    -0.17188    -0.11933
19741031     0.18947     0.16305
19741129    -0.05486    -0.05318
19741231    -0.05219    -0.02015
19750131     0.12054     0.12281
19750228     0.15272     0.05989
19750331    -0.04118     0.02169
19750430     0.01573     0.04726
19750530     0.03157     0.04410
19750630    -0.02791     0.04432
19750731    -0.08971    -0.06765
19750829    -0.01183    -0.02107
19750930     0.01074    -0.03465
19751031     0.12749     0.06164
19751128     0.07479     0.02471
19751231    -0.00939    -0.01151
19760130     0.14939     0.11831
19760227    -0.00145    -0.01140
19760331     0.02494     0.03069
19760430    -0.03292    -0.01100
19760528     0.01973    -0.01436
19760630     0.07842     0.04093
19760730    -0.01671    -0.00806
19760831     0.01378    -0.00512
19760930     0.02832     0.02264
19761029    -0.03421    -0.02223
19761130     0.00552    -0.00777
19761231     0.02998     0.05250
19770131    -0.01388    -0.05053
19770228     0.01181    -0.02166
19770331     0.00181    -0.01403
19770429    -0.06420     0.00020
19770531    -0.04155    -0.02357
19770630     0.07536     0.04536
19770729     0.01563    -0.01622
19770831     0.01026    -0.02104
19770930    -0.02748    -0.00248
19771031    -0.01437    -0.04341
19771130     0.03596     0.02697
19771230     0.03598     0.00285
19780131    -0.02925    -0.06151
19780228    -0.04282    -0.02476
19780331    -0.06269     0.02493
19780428     0.12951     0.08542
19780531    -0.01831     0.00423
19780630    -0.00387    -0.01759
19780731     0.09232     0.05391
19780831     0.04895     0.02592
19780929    -0.05096    -0.00726
19781031    -0.04603    -0.09157
19781130     0.03077     0.01664
19781229     0.10761     0.01489
19790131     0.03434     0.03975
19790228    -0.01720    -0.03653
19790330     0.05167     0.05515
19790430    -0.00396     0.00167
19790531    -0.02167    -0.02634
19790629    -0.03454     0.03866
19790731    -0.04940     0.00875
19790831     0.01591     0.05308
19790928    -0.03214     0.00000
19791031    -0.07934    -0.06861
19791130     0.05988     0.04262
19791231    -0.01341     0.01677
19800131     0.06602     0.05762
19800229    -0.06215    -0.00438
19800331    -0.12205    -0.10179
19800430    -0.01570     0.04114
19800530     0.02478     0.04657
19800630     0.06095     0.02697
19800731     0.11064     0.06504
19800829     0.01701     0.00584
19800930    -0.02099     0.02517
19801031     0.03899     0.01602
19801128     0.03542     0.10238
19801231    -0.00367    -0.03387
19810130    -0.05157    -0.04574
19810227     0.01142     0.01328
19810331    -0.02918     0.03603
19810430    -0.06012    -0.02346
19810529     0.01680    -0.00166
19810630    -0.01489    -0.01041
19810731    -0.03024    -0.00221
19810831    -0.00249    -0.06210
19810930    -0.01814    -0.05383
19811030    -0.04850     0.04915
19811130     0.07495     0.03659
19811231     0.04358    -0.03008
19820129     0.11868    -0.01754
19820226    -0.01399    -0.06055
19820331    -0.03434    -0.01017
19820430     0.07531     0.04001
19820528    -0.02942    -0.03916
19820630    -0.01423    -0.02029
19820730     0.08247    -0.02299
19820831     0.08739     0.11598
19820930     0.04078     0.00761
19821029     0.08859     0.11036
19821130     0.09371     0.03612
19821231     0.11272     0.01516
19830131     0.02727     0.03313
19830228     0.00996     0.01900
19830331     0.02778     0.03309
19830429     0.14988     0.07492
19830531    -0.04103    -0.01235
19830630     0.08090     0.03522
19830729     0.00104    -0.03301
19830831     0.00062     0.01132
19830930     0.06172     0.01016
19831031    -0.00099    -0.01517
19831130    -0.06647     0.01743
19831230     0.03940    -0.00883
19840131    -0.06455    -0.00922
19840229    -0.02563    -0.03886
19840330     0.03401     0.01350
19840430    -0.00219     0.00547
19840531    -0.04440    -0.05936
19840629    -0.01856     0.01747
19840731     0.04728    -0.01645
19840831     0.12731     0.10633
19840928     0.00404    -0.00348
19841031     0.01187    -0.00006
19841130    -0.02307    -0.01511
19841231     0.01129     0.02237
19850131     0.10761     0.07409
19850228    -0.00935     0.00868
19850329    -0.05224    -0.00293
19850430    -0.00394    -0.00459
19850531     0.02549     0.05405
19850628    -0.03790     0.01213
19850731     0.06162    -0.00485
19850830    -0.02778    -0.01199
19850930    -0.02172    -0.03472
19851031     0.04844     0.04251
19851129     0.08450     0.06506
19851231     0.11270     0.04506
19860131    -0.02572     0.00237
19860228     0.00314     0.07149
19860331     0.00414     0.05279
19860430     0.03135    -0.01415
19860530    -0.01776     0.05023
19860630    -0.03856     0.01411
19860731    -0.09556    -0.05868
19860829     0.05547     0.07119
19860930    -0.03063    -0.08544
19861031    -0.08086     0.05473
19861128     0.03721     0.02148
19861231    -0.05605    -0.02829
19870130     0.07292     0.13177
19870227     0.09204     0.03692
19870331     0.07616     0.02639
19870430     0.06661    -0.01145
19870529     0.00609     0.00603
19870630     0.01563     0.04791
19870731    -0.00923     0.04822
19870831     0.05264     0.03496
19870930    -0.10468    -0.02417
19871030    -0.18740    -0.21763
19871130    -0.08694    -0.08535
19871231     0.04289     0.07286
19880129    -0.02706     0.04043
19880229     0.05539     0.04182
19880331    -0.08404    -0.03334
19880429     0.05343     0.00942
19880531     0.00198     0.00318
19880630     0.13222     0.04326
19880729    -0.01276    -0.00541
19880831    -0.10457    -0.03860
19880930     0.03475     0.03973
19881031     0.06284     0.02596
19881130    -0.02467    -0.01889
19881230     0.02848     0.01469
19890131     0.07179     0.07111
19890228    -0.06144    -0.02894
19890331    -0.10185     0.02081
19890428     0.04467     0.05009
19890531    -0.02776     0.03514
19890630     0.02052    -0.00792
19890731     0.02793     0.08837
19890831     0.02900     0.01552
19890929    -0.06724    -0.00654
19891031    -0.08238    -0.02518
19891130    -0.01411     0.01654
19891229    -0.03585     0.02142
19900131     0.04781    -0.06882
19900228     0.06550     0.00854
19900330     0.02166     0.02426
19900430     0.02709    -0.02689
19900531     0.11202     0.09199
19900629    -0.02083    -0.00889
19900731    -0.05106    -0.00522
19900831    -0.07547    -0.09431
19900928     0.04417    -0.05118
19901031    -0.00940    -0.00670
19901130     0.08977     0.05993
19901231    -0.00550     0.02483
19910131     0.12168     0.04152
19910228     0.02533     0.06728
19910328    -0.11553     0.02220
19910430    -0.09550     0.00035
19910531     0.04209     0.03858
19910628    -0.08481    -0.04789
19910731     0.04247     0.04486
19910830    -0.03126     0.01965
19910930     0.06968    -0.01914
19911031    -0.05187     0.01186
19911129    -0.04621    -0.04393
19911231    -0.03784     0.11159
19920131     0.01124    -0.01990
19920228    -0.02128     0.00956
19920331    -0.03885    -0.02183
19920430     0.08683     0.02789
19920529     0.01333     0.00096
19920630     0.07851    -0.01736
19920731    -0.03193     0.03937
19920831    -0.07298    -0.02400
19920930    -0.06782     0.00911
19921030    -0.17183     0.00211
19921130     0.03865     0.03026
19921231    -0.26190     0.01011
19930129     0.02233     0.00705
19930226     0.06631     0.01048
19930331    -0.06437     0.01870
19930430    -0.04423    -0.02542
19930528     0.09594     0.02272
19930630    -0.06398     0.00076
19930730    -0.09873    -0.00533
19930831     0.03371     0.03443
19930930    -0.08197    -0.00999
19931029     0.09524     0.01939
19931130     0.17663    -0.01291
19931231     0.04872     0.01009
19940131     0.00000     0.03250
19940228    -0.05973    -0.03005
19940331     0.03310    -0.04575
19940429     0.05263     0.01153
19940531     0.10000     0.01242
19940630    -0.06746    -0.02681
19940729     0.05319     0.03147
19940831     0.11111     0.03764
19940930     0.01642    -0.02690
19941031     0.07002     0.02083
19941130    -0.04698    -0.03950
19941230     0.03887     0.01230
19950131    -0.01871     0.02428
19950228     0.04679     0.03607
19950331     0.09136     0.02733
19950428     0.15221     0.02796
19950531    -0.01453     0.03631
19950630     0.03226     0.02128
19950731     0.13411     0.03178
19950831    -0.04822    -0.00032
19950929    -0.08585     0.04010
19951031     0.02910    -0.00498
19951130    -0.00386     0.04105
19951229    -0.05433     0.01744
19960131     0.18741     0.03262
19960229     0.13249     0.00693
19960329    -0.09276     0.00792
19960430    -0.03146     0.01343
19960531    -0.00603     0.02285
19960628    -0.07260     0.00226
19960731     0.08586    -0.04575
19960830     0.06721     0.01881
19960930     0.08852     0.05417
19961031     0.03614     0.02613
19961129     0.23818     0.07338
19961231    -0.04941    -0.02151
19970131     0.03548     0.06132
19970228    -0.08143     0.00593
19970331    -0.04522    -0.04261
19970430     0.16940     0.05841
19970530     0.08037     0.05858
19970630     0.04335     0.04345
19970731     0.17175     0.07812
19970829    -0.03948    -0.05745
19970930     0.04562     0.05315
19971031    -0.07075    -0.03448
19971128     0.11371     0.04459
19971231    -0.04452     0.01573
19980130    -0.05615     0.01015
19980227     0.05962     0.07045
19980331    -0.00539     0.04995
19980430     0.11552     0.00908
19980529     0.01592    -0.01883
19980630    -0.02287     0.03944
19980731     0.15406    -0.01162
19980831    -0.14834    -0.14580
19980930     0.14095     0.06240
19981030     0.15564     0.08029
19981130     0.11343     0.05913
19981231     0.11658     0.05638
19990129    -0.00610     0.04101
19990226    -0.07247    -0.03228
19990331     0.04418     0.03879
19990430     0.18018     0.03794
19990528     0.11020    -0.02497
19990630     0.11422     0.05444
19990730    -0.02756    -0.03205
19990831    -0.00800    -0.00625
19990930    -0.02860    -0.02855
19991029    -0.18802     0.06254
19991130     0.05020     0.01906
19991231     0.04669     0.05784
