  -0.02076  -0.07519
  -0.13638   0.00209
   0.02096   0.01768
  -0.07040  -0.03337
   0.16492   0.08554
  -0.03301  -0.01533
   0.17494  -0.01157
  -0.06100  -0.10052
  -0.01141  -0.05731
   0.02411  -0.01268
   0.11233   0.05405
  -0.00562   0.01921
   0.10782   0.03634
   0.17068   0.06233
   0.01412   0.01727
   0.01398  -0.00436
   0.08178   0.03403
  -0.06196  -0.05253
   0.11021   0.04021
   0.05948   0.01521
  -0.01008  -0.02349
   0.09565   0.00770
  -0.07249  -0.04773
   0.26215   0.10820
  -0.13412  -0.02307
   0.02242   0.00636
  -0.07048  -0.02520
   0.02565   0.02476
   0.04586  -0.00206
  -0.02483  -0.02041
   0.07096   0.03669
  -0.01224  -0.02661
  -0.03478   0.00668
   0.00933  -0.00027
   0.03534   0.02765
  -0.07468   0.00743
  -0.09216   0.00455
  -0.11161   0.00804
   0.06392   0.01624
   0.09400  -0.02781
   0.05497   0.02025
  -0.06876  -0.00180
  -0.11447  -0.00786
   0.06336   0.03191
  -0.05802  -0.01245
   0.04370   0.01687
   0.07244  -0.01549
   0.03504   0.00754
  -0.06589   0.03002
  -0.09795  -0.03276
  -0.07189  -0.04867
   0.08952   0.00846
   0.08502   0.00897
  -0.01325  -0.03026
  -0.02143   0.02786
   0.10466   0.03391
   0.00897  -0.03075
   0.06820   0.01671
   0.04578  -0.04391
  -0.00629   0.00763
   0.05349   0.01952
   0.01684   0.03126
   0.02836   0.02255
   0.00549   0.02325
   0.01860   0.03159
   0.04083   0.01672
   0.09453   0.02726
  -0.02406  -0.00482
   0.07661   0.03570
   0.07054  -0.00938
   0.01095   0.03658
   0.08193   0.01316
   0.08313   0.02845
  -0.03796   0.00291
   0.01674   0.00379
   0.02004   0.00931
   0.02740   0.01867
   0.00459  -0.00198
  -0.02110  -0.05004
   0.01189   0.01460
   0.11020   0.04993
   0.04165   0.02197
   0.08252   0.06919
  -0.07801  -0.02560
   0.11027   0.05713
  -0.00996   0.00175
  -0.08614  -0.04689
   0.13686   0.05411
   0.07225   0.05437
   0.15608   0.03934
  -0.00346   0.07391
  -0.07451  -0.06173
   0.08043   0.04902
   0.17673  -0.03862
   0.02276   0.04031
   0.02061   0.01143
   0.09220   0.00595
   0.08065   0.06621
   0.12222   0.04576
   0.13757   0.00495
  -0.08158  -0.02300
   0.03282   0.03529
   0.00622  -0.01575
  -0.15659  -0.14988
   0.13479   0.05856
   0.01148   0.07699
   0.04120   0.05545
   0.11303   0.05272
   0.02538   0.03739
   0.02376  -0.03598
   0.04793   0.03509
  -0.17429   0.03436
  -0.07191  -0.02872
   0.01488   0.05063
  -0.07145  -0.03584
   0.11282  -0.01018
  -0.05357  -0.03245
   0.10222   0.05849
  -0.08883   0.01484
  -0.10950   0.05351
   0.11118  -0.05533
  -0.11440  -0.02473
   0.13339   0.09198
   0.14742  -0.03552
   0.05517  -0.02675
   0.07240   0.01919
  -0.10653  -0.02131
  -0.00008   0.05562
   0.03402  -0.05848
  -0.04403  -0.01004
   0.02299  -0.08521
   0.03327  -0.00076
  -0.02277   0.03035
  -0.00496  -0.09636
  -0.09368  -0.06788
   0.05416   0.07359
  -0.00995   0.00207
  -0.06913  -0.02791
   0.02629  -0.01369
  -0.07073  -0.06691
   0.04452  -0.08392
   0.04309   0.01630
   0.03472   0.07362
  -0.08130   0.00616
   0.04430  -0.01695
  -0.01536  -0.02221
  -0.03128   0.03525
  -0.08673  -0.06285
  -0.04601  -0.01052
   0.01014  -0.07388
  -0.07711  -0.08039
   0.02523   0.00353
  -0.12409  -0.11137
   0.09344   0.08512
  -0.00448   0.05604
  -0.03144  -0.06132
  -0.00293  -0.02839
  -0.01877  -0.01798
   0.04400   0.00742
  -0.01410   0.08010
   0.01277   0.05001
   0.10013   0.01055
  -0.02388   0.01547
  -0.09941   0.01708
   0.01459  -0.01272
   0.03939   0.05419
   0.06632   0.00636
   0.05168   0.05002
