1947 01 01   24.5
1947 02 01   24.7
1947 03 01   25.3
1947 04 01   25.1
1947 05 01   25.0
1947 06 01   25.0
1947 07 01   25.3
1947 08 01   25.6
1947 09 01   26.1
1947 10 01   26.4
1947 11 01   26.7
1947 12 01   27.2
1948 01 01   27.7
1948 02 01   27.2
1948 03 01   27.2
1948 04 01   27.4
1948 05 01   27.5
1948 06 01   27.7
1948 07 01   28.0
1948 08 01   28.2
1948 09 01   28.1
1948 10 01   27.8
1948 11 01   27.8
1948 12 01   27.6
1949 01 01   27.3
1949 02 01   26.8
1949 03 01   26.8
1949 04 01   26.5
1949 05 01   26.3
1949 06 01   26.0
1949 07 01   26.0
1949 08 01   26.0
1949 09 01   26.1
1949 10 01   26.0
1949 11 01   26.0
1949 12 01   25.9
1950 01 01   25.9
1950 02 01   26.1
1950 03 01   26.1
1950 04 01   26.1
1950 05 01   26.4
1950 06 01   26.6
1950 07 01   27.3
1950 08 01   27.9
1950 09 01   28.4
1950 10 01   28.6
1950 11 01   29.0
1950 12 01   29.7
1951 01 01   30.5
1951 02 01   30.9
1951 03 01   30.9
1951 04 01   30.8
1951 05 01   30.7
1951 06 01   30.5
1951 07 01   30.3
1951 08 01   30.1
1951 09 01   30.1
1951 10 01   30.1
1951 11 01   30.1
1951 12 01   30.1
1952 01 01   30.0
1952 02 01   29.8
1952 03 01   29.8
1952 04 01   29.6
1952 05 01   29.6
1952 06 01   29.5
1952 07 01   29.6
1952 08 01   29.8
1952 09 01   29.6
1952 10 01   29.5
1952 11 01   29.3
1952 12 01   29.1
1953 01 01   29.1
1953 02 01   29.1
1953 03 01   29.2
1953 04 01   29.0
1953 05 01   29.1
1953 06 01   29.0
1953 07 01   29.4
1953 08 01   29.3
1953 09 01   29.4
1953 10 01   29.2
1953 11 01   29.1
1953 12 01   29.2
1954 01 01   29.4
1954 02 01   29.3
1954 03 01   29.3
1954 04 01   29.4
1954 05 01   29.4
1954 06 01   29.2
1954 07 01   29.3
1954 08 01   29.3
1954 09 01   29.2
1954 10 01   29.1
1954 11 01   29.2
1954 12 01   29.0
1955 01 01   29.2
1955 02 01   29.3
1955 03 01   29.2
1955 04 01   29.3
1955 05 01   29.1
1955 06 01   29.3
1955 07 01   29.3
1955 08 01   29.4
1955 09 01   29.6
1955 10 01   29.6
1955 11 01   29.5
1955 12 01   29.5
1956 01 01   29.7
1956 02 01   29.8
1956 03 01   29.9
1956 04 01   30.1
1956 05 01   30.3
1956 06 01   30.3
1956 07 01   30.2
1956 08 01   30.4
1956 09 01   30.6
1956 10 01   30.6
1956 11 01   30.7
1956 12 01   30.8
1957 01 01   31.0
1957 02 01   31.0
1957 03 01   31.0
1957 04 01   31.1
1957 05 01   31.0
1957 06 01   31.1
1957 07 01   31.3
1957 08 01   31.4
1957 09 01   31.3
1957 10 01   31.2
1957 11 01   31.3
1957 12 01   31.4
1958 01 01   31.5
1958 02 01   31.5
1958 03 01   31.7
1958 04 01   31.6
1958 05 01   31.7
1958 06 01   31.6
1958 07 01   31.6
1958 08 01   31.6
1958 09 01   31.6
1958 10 01   31.5
1958 11 01   31.6
1958 12 01   31.6
1959 01 01   31.7
1959 02 01   31.7
1959 03 01   31.7
1959 04 01   31.8
1959 05 01   31.8
1959 06 01   31.7
1959 07 01   31.7
1959 08 01   31.6
1959 09 01   31.7
1959 10 01   31.6
1959 11 01   31.5
1959 12 01   31.5
1960 01 01   31.6
1960 02 01   31.6
1960 03 01   31.8
1960 04 01   31.8
1960 05 01   31.7
1960 06 01   31.7
1960 07 01   31.7
1960 08 01   31.6
1960 09 01   31.6
1960 10 01   31.7
1960 11 01   31.7
1960 12 01   31.7
1961 01 01   31.8
1961 02 01   31.8
1961 03 01   31.8
1961 04 01   31.6
1961 05 01   31.5
1961 06 01   31.3
1961 07 01   31.5
1961 08 01   31.5
1961 09 01   31.5
1961 10 01   31.5
1961 11 01   31.5
1961 12 01   31.6
1962 01 01   31.7
1962 02 01   31.7
1962 03 01   31.7
1962 04 01   31.6
1962 05 01   31.5
1962 06 01   31.5
1962 07 01   31.6
1962 08 01   31.6
1962 09 01   31.9
1962 10 01   31.7
1962 11 01   31.7
1962 12 01   31.6
1963 01 01   31.6
1963 02 01   31.5
1963 03 01   31.5
1963 04 01   31.4
1963 05 01   31.5
1963 06 01   31.6
1963 07 01   31.7
1963 08 01   31.6
1963 09 01   31.6
1963 10 01   31.6
1963 11 01   31.7
1963 12 01   31.6
1964 01 01   31.8
1964 02 01   31.6
1964 03 01   31.6
1964 04 01   31.6
1964 05 01   31.5
1964 06 01   31.5
1964 07 01   31.6
1964 08 01   31.6
1964 09 01   31.7
1964 10 01   31.7
1964 11 01   31.7
1964 12 01   31.7
1965 01 01   31.8
1965 02 01   31.9
1965 03 01   31.9
1965 04 01   32.0
1965 05 01   32.1
1965 06 01   32.4
1965 07 01   32.4
1965 08 01   32.4
1965 09 01   32.4
1965 10 01   32.5
1965 11 01   32.6
1965 12 01   32.8
1966 01 01   32.9
1966 02 01   33.2
1966 03 01   33.2
1966 04 01   33.2
1966 05 01   33.2
1966 06 01   33.3
1966 07 01   33.5
1966 08 01   33.6
1966 09 01   33.6
1966 10 01   33.4
1966 11 01   33.3
1966 12 01   33.3
1967 01 01   33.4
1967 02 01   33.4
1967 03 01   33.3
1967 04 01   33.1
1967 05 01   33.3
1967 06 01   33.5
1967 07 01   33.5
1967 08 01   33.4
1967 09 01   33.4
1967 10 01   33.4
1967 11 01   33.4
1967 12 01   33.7
1968 01 01   33.8
1968 02 01   34.0
1968 03 01   34.1
1968 04 01   34.1
1968 05 01   34.2
1968 06 01   34.2
1968 07 01   34.3
1968 08 01   34.2
1968 09 01   34.4
1968 10 01   34.4
1968 11 01   34.5
1968 12 01   34.6
1969 01 01   34.8
1969 02 01   35.0
1969 03 01   35.2
1969 04 01   35.3
1969 05 01   35.5
1969 06 01   35.7
1969 07 01   35.8
1969 08 01   35.7
1969 09 01   35.8
1969 10 01   35.9
1969 11 01   36.1
1969 12 01   36.3
1970 01 01   36.5
1970 02 01   36.7
1970 03 01   36.7
1970 04 01   36.8
1970 05 01   36.8
1970 06 01   36.9
1970 07 01   37.1
1970 08 01   36.9
1970 09 01   37.1
1970 10 01   37.1
1970 11 01   37.1
1970 12 01   37.1
1971 01 01   37.3
1971 02 01   37.7
1971 03 01   37.8
1971 04 01   37.9
1971 05 01   38.1
1971 06 01   38.2
1971 07 01   38.3
1971 08 01   38.5
1971 09 01   38.3
1971 10 01   38.3
1971 11 01   38.3
1971 12 01   38.6
1972 01 01   38.8
1972 02 01   39.2
1972 03 01   39.2
1972 04 01   39.3
1972 05 01   39.5
1972 06 01   39.7
1972 07 01   40.0
1972 08 01   40.1
1972 09 01   40.2
1972 10 01   40.1
1972 11 01   40.3
1972 12 01   41.1
1973 01 01   41.6
1973 02 01   42.4
1973 03 01   43.4
1973 04 01   43.6
1973 05 01   44.5
1973 06 01   45.5
1973 07 01   44.9
1973 08 01   47.5
1973 09 01   46.7
1973 10 01   46.3
1973 11 01   46.5
1973 12 01   47.4
1974 01 01   49.0
1974 02 01   50.0
1974 03 01   50.6
1974 04 01   51.0
1974 05 01   51.8
1974 06 01   52.0
1974 07 01   54.0
1974 08 01   55.9
1974 09 01   55.9
1974 10 01   56.9
1974 11 01   57.4
1974 12 01   57.3
1975 01 01   57.4
1975 02 01   57.2
1975 03 01   56.9
1975 04 01   57.5
1975 05 01   57.9
1975 06 01   58.0
1975 07 01   58.7
1975 08 01   59.0
1975 09 01   59.4
1975 10 01   59.8
1975 11 01   59.5
1975 12 01   59.7
1976 01 01   59.9
1976 02 01   59.9
1976 03 01   60.0
1976 04 01   60.6
1976 05 01   60.8
1976 06 01   61.2
1976 07 01   61.6
1976 08 01   61.4
1976 09 01   61.8
1976 10 01   61.9
1976 11 01   62.0
1976 12 01   62.5
1977 01 01   62.8
1977 02 01   63.5
1977 03 01   64.1
1977 04 01   64.9
1977 05 01   65.2
1977 06 01   65.0
1977 07 01   65.1
1977 08 01   65.0
1977 09 01   65.3
1977 10 01   65.6
1977 11 01   65.8
1977 12 01   66.2
1978 01 01   66.8
1978 02 01   67.5
1978 03 01   68.1
1978 04 01   69.0
1978 05 01   69.5
1978 06 01   70.0
1978 07 01   70.4
1978 08 01   70.4
1978 09 01   71.0
1978 10 01   71.8
1978 11 01   72.1
1978 12 01   72.7
1979 01 01   73.8
1979 02 01   74.9
1979 03 01   75.8
1979 04 01   76.9
1979 05 01   77.5
1979 06 01   78.0
1979 07 01   79.2
1979 08 01   79.6
1979 09 01   80.9
1979 10 01   82.1
1979 11 01   82.6
1979 12 01   83.4
1980 01 01   85.2
1980 02 01   86.9
1980 03 01   87.5
1980 04 01   87.8
1980 05 01   88.3
1980 06 01   88.7
1980 07 01   90.3
1980 08 01   91.5
1980 09 01   91.7
1980 10 01   92.8
1980 11 01   93.2
1980 12 01   93.8
1981 01 01   95.2
1981 02 01   96.1
1981 03 01   97.0
1981 04 01   98.0
1981 05 01   98.3
1981 06 01   98.5
1981 07 01   99.0
1981 08 01   99.0
1981 09 01   98.8
1981 10 01   98.9
1981 11 01   98.8
1981 12 01   98.8
1982 01 01   99.7
1982 02 01   99.8
1982 03 01   99.6
1982 04 01   99.6
1982 05 01   99.8
1982 06 01  100.0
1982 07 01  100.4
1982 08 01  100.3
1982 09 01  100.0
1982 10 01  100.2
1982 11 01  100.3
1982 12 01  100.5
1983 01 01  100.2
1983 02 01  100.5
1983 03 01  100.4
1983 04 01  100.4
1983 05 01  100.8
1983 06 01  101.0
1983 07 01  101.3
1983 08 01  101.8
1983 09 01  102.0
1983 10 01  102.2
1983 11 01  102.1
1983 12 01  102.3
1984 01 01  102.9
1984 02 01  103.2
1984 03 01  103.9
1984 04 01  104.0
1984 05 01  104.1
1984 06 01  104.0
1984 07 01  104.2
1984 08 01  103.8
1984 09 01  103.4
1984 10 01  103.4
1984 11 01  103.7
1984 12 01  103.5
1985 01 01  103.4
1985 02 01  103.3
1985 03 01  103.1
1985 04 01  103.3
1985 05 01  103.5
1985 06 01  103.3
1985 07 01  103.2
1985 08 01  102.7
1985 09 01  102.1
1985 10 01  102.9
1985 11 01  103.4
1985 12 01  103.6
1986 01 01  103.2
1986 02 01  101.7
1986 03 01  100.3
1986 04 01   99.6
1986 05 01  100.0
1986 06 01   99.9
1986 07 01   99.4
1986 08 01   99.3
1986 09 01   99.4
1986 10 01   99.7
1986 11 01   99.8
1986 12 01   99.7
1987 01 01  100.5
1987 02 01  101.0
1987 03 01  101.2
1987 04 01  101.9
1987 05 01  102.6
1987 06 01  103.0
1987 07 01  103.5
1987 08 01  103.8
1987 09 01  103.7
1987 10 01  104.1
1987 11 01  104.2
1987 12 01  104.2
1988 01 01  104.6
1988 02 01  104.8
1988 03 01  104.9
1988 04 01  105.8
1988 05 01  106.5
1988 06 01  107.2
1988 07 01  107.9
1988 08 01  108.0
1988 09 01  108.1
1988 10 01  108.2
1988 11 01  108.3
1988 12 01  109.0
1989 01 01  110.5
1989 02 01  110.8
1989 03 01  111.5
1989 04 01  112.3
1989 05 01  113.2
1989 06 01  112.9
1989 07 01  112.8
1989 08 01  112.0
1989 09 01  112.4
1989 10 01  112.8
1989 11 01  112.7
1989 12 01  113.0
1990 01 01  114.9
1990 02 01  114.4
1990 03 01  114.2
1990 04 01  114.1
1990 05 01  114.6
1990 06 01  114.3
1990 07 01  114.5
1990 08 01  116.5
1990 09 01  118.4
1990 10 01  120.8
1990 11 01  120.1
1990 12 01  118.7
1991 01 01  119.0
1991 02 01  117.2
1991 03 01  116.2
1991 04 01  116.0
1991 05 01  116.5
1991 06 01  116.4
1991 07 01  116.1
1991 08 01  116.2
1991 09 01  116.1
1991 10 01  116.4
1991 11 01  116.4
1991 12 01  115.9
1992 01 01  115.6
1992 02 01  116.0
1992 03 01  116.1
1992 04 01  116.3
1992 05 01  117.2
1992 06 01  118.0
1992 07 01  117.9
1992 08 01  117.7
1992 09 01  118.0
1992 10 01  118.1
1992 11 01  117.8
1992 12 01  117.6
1993 01 01  118.0
1993 02 01  118.4
1993 03 01  118.7
1993 04 01  119.3
1993 05 01  119.7
1993 06 01  119.5
1993 07 01  119.2
1993 08 01  118.7
1993 09 01  118.7
1993 10 01  119.1
1993 11 01  119.0
1993 12 01  118.6
1994 01 01  119.1
1994 02 01  119.3
1994 03 01  119.7
1994 04 01  119.7
1994 05 01  119.9
1994 06 01  120.5
1994 07 01  120.7
1994 08 01  121.2
1994 09 01  121.0
1994 10 01  120.9
1994 11 01  121.5
1994 12 01  121.9
1995 01 01  122.9
1995 02 01  123.5
1995 03 01  123.9
1995 04 01  124.6
1995 05 01  124.9
1995 06 01  125.3
1995 07 01  125.3
1995 08 01  125.1
1995 09 01  125.2
1995 10 01  125.3
1995 11 01  125.4
1995 12 01  125.7
1996 01 01  126.3
1996 02 01  126.2
1996 03 01  126.4
1996 04 01  127.4
1996 05 01  128.1
1996 06 01  128.0
1996 07 01  128.0
1996 08 01  128.3
1996 09 01  128.2
1996 10 01  128.0
1996 11 01  128.2
1996 12 01  129.1
1997 01 01  129.7
1997 02 01  128.5
1997 03 01  127.3
1997 04 01  127.0
1997 05 01  127.4
1997 06 01  127.2
1997 07 01  126.9
1997 08 01  127.2
1997 09 01  127.5
1997 10 01  127.8
1997 11 01  127.9
1997 12 01  126.8
1998 01 01  125.4
1998 02 01  125.0
1998 03 01  124.7
1998 04 01  124.9
1998 05 01  125.1
1998 06 01  124.8
1998 07 01  124.9
1998 08 01  124.2
1998 09 01  123.8
1998 10 01  124.0
1998 11 01  123.6
1998 12 01  122.8
1999 01 01  122.9
1999 02 01  122.3
1999 03 01  122.6
1999 04 01  123.6
1999 05 01  124.7
1999 06 01  125.2
1999 07 01  125.7
1999 08 01  126.9
1999 09 01  128.0
1999 10 01  127.7
1999 11 01  128.3
1999 12 01  127.8
2000 01 01  128.3
2000 02 01  129.8
2000 03 01  130.8
2000 04 01  130.7
2000 05 01  131.6
2000 06 01  133.8
2000 07 01  133.7
2000 08 01  132.9
2000 09 01  134.7
2000 10 01  135.4
2000 11 01  135.0
2000 12 01  136.2
2001 01 01  140.0
2001 02 01  137.4
2001 03 01  135.9
2001 04 01  136.4
2001 05 01  136.8
2001 06 01  135.5
2001 07 01  133.4
2001 08 01  133.4
2001 09 01  133.3
2001 10 01  130.3
2001 11 01  129.8
2001 12 01  128.1
2002 01 01  128.5
2002 02 01  128.4
2002 03 01  129.8
2002 04 01  130.8
2002 05 01  130.8
2002 06 01  130.9
2002 07 01  131.2
2002 08 01  131.5
2002 09 01  132.3
2002 10 01  133.2
2002 11 01  133.1
2002 12 01  132.9
2003 01 01  135.3
2003 02 01  137.6
2003 03 01  141.2
2003 04 01  136.8
2003 05 01  136.7
2003 06 01  138.0
2003 07 01  137.7
2003 08 01  138.0
2003 09 01  138.5
2003 10 01  139.3
2003 11 01  138.9
2003 12 01  139.5
2004 01 01  141.4
2004 02 01  142.1
2004 03 01  143.1
2004 04 01  144.8
2004 05 01  146.8
2004 06 01  147.2
2004 07 01  147.4
2004 08 01  148.0
2004 09 01  147.7
2004 10 01  150.0
2004 11 01  151.4
2004 12 01  150.2
2005 01 01  150.9
2005 02 01  151.6
2005 03 01  153.7
2005 04 01  155.0
2005 05 01  154.3
2005 06 01  154.3
2005 07 01  156.3
2005 08 01  157.6
2005 09 01  162.2
2005 10 01  166.2
2005 11 01  163.7
2005 12 01  163.0
2006 01 01  164.3
2006 02 01  161.8
2006 03 01  162.2
2006 04 01  164.3
2006 05 01  165.8
2006 06 01  166.1
2006 07 01  166.8
2006 08 01  167.9
2006 09 01  165.4
2006 10 01  162.2
2006 11 01  164.6
2006 12 01  165.6
2007 01 01  164.0
2007 02 01  166.8
2007 03 01  169.3
2007 04 01  171.4
2007 05 01  173.3
2007 06 01  173.8
2007 07 01  175.1
2007 08 01  172.4
2007 09 01  173.5
2007 10 01  174.7
2007 11 01  179.0
2007 12 01  178.6
2008 01 01  181.0
2008 02 01  182.7
2008 03 01  187.9
2008 04 01  190.9
2008 05 01  196.6
2008 06 01  200.5
2008 07 01  205.5
2008 08 01  199.0
2008 09 01  196.9
2008 10 01  186.4
2008 11 01  176.8
2008 12 01  170.9
2009 01 01  171.2
2009 02 01  169.3
2009 03 01  168.1
2009 04 01  169.1
2009 05 01  170.8
2009 06 01  174.1
2009 07 01  172.5
2009 08 01  175.1
2009 09 01  174.6
2009 10 01  175.3
2009 11 01  177.7
