4.23178497134334
4.2479236501504
4.24204591836945
4.17807277775281
4.08815880313501
4.00277736869661
4.06440068584903
4.07956927663995
4.03016153344519
4.03459455781633
4.13131916501346
4.14472076954717
4.19268046294296
4.1634040981536
4.19825402561261
4.24563400976833
4.25985900069967
4.23945449739721
4.23598878995717
4.28358656186063
4.27249074760558
4.30420021920937
4.29360517307298
4.31775474465374
4.34432476748987
4.35414143118435
4.3691946558585
4.37525375038645
4.38664097222463
4.40293159535378
4.42100693431477
4.40464392453929
4.43295736334242
4.44100283977418
4.43580434035435
4.43970574626056
4.47232427265466
4.4708384731928
4.45620603284813
4.48987156162463
4.4820981883981
4.4322443508345
4.44558811616363
4.46786023502349
4.49936512709111
4.52634340544212
4.51754043602712
4.52645160127669
4.53130833738964
4.51327417128355
4.49121730591206
4.51151862990664
4.45585778280108
4.43958774519841
4.42604352009066
4.34510328056928
4.3380747471447
4.38452351487247
4.38763587343839
4.38614315018572
4.46141528234295
4.4633761803702
4.50202942706858
4.54340115959046
4.48953484238917
4.50689561671975
4.55124184396254
4.53945764262271
4.57171680972887
4.5358201078533
4.54329478227
4.56923207918246
4.5243938759608
4.49267315476095
4.50202942706858
4.57944203741536
4.59188229166116
4.60096134121404
4.58231089184201
4.59370470787881
4.63151996131087
4.63870166919688
4.6855512979349
4.64304383841617
4.6348260708956
4.5862931302184
4.62015731579634
4.64140567857019
4.63918506457537
4.58200390795625
4.51993904162543
4.55923095404665
4.53388898398313
4.57594732731119
4.54127146013786
4.5224405383891
4.44288652293064
4.49423862528081
4.49569008536927
4.40084838891447
4.33794412210369
4.28661644986922
4.35734964696144
4.40084838891447
4.43438186500781
4.42184812886055
4.46820433091493
4.52341768411583
4.56309740956618
4.57213033190989
4.60826539089539
4.64391001430402
4.60146332405677
4.59208494643944
4.55996359315001
4.59542283453321
4.58843086198379
4.54573860221867
4.54318839363221
4.62585477718092
4.6438138095803
4.66880204623286
4.6746962486367
4.67907099382763
4.69619848433566
4.67413639045281
4.67646706787013
4.71034068359363
4.70546790730346
4.71474182241738
4.75934943683577
4.77110826353152
4.75384877835945
4.71563763901406
4.71420394701221
4.67254842131804
4.65348404626664
4.64688777933996
4.68416619221459
4.64679186067891
4.68610480348409
4.68481281364029
4.56393143797149
4.58036506706912
4.57026813397883
4.56663723627131
4.54308199367467
4.50324819626271
4.46912134152481
4.45434729625351
4.37336422409523
4.27874728521988
4.15166962884137
4.30271282795416
4.2480665787578
4.22770927428952
4.3435456478556
4.40170670544071
4.42316857800506
4.46935046284556
4.51250650112467
4.55587489426321
4.48582342835553
4.46452785618562
4.42926798099632
4.48908570696729
4.51349339741619
4.50191855617762
4.61373341664858
4.6022659728407
4.63249348163698
4.62143715845196
4.60696856792947
4.6470795890653
4.6389917344636
4.633854819848
4.65624345617209
4.63375764284
4.62595272517062
4.67711868530067
4.62526688768721
4.60336856404146
4.58924403543783
4.58944722552286
4.56559741086827
4.60995870271989
4.59360354961663
4.57233702889285
4.56985384086052
4.52547741707884
4.55208581489564
4.55492896955134
4.49144142065975
4.46636778310763
4.49099314092569
4.57295686362344
4.57718214944792
4.55944033428192
4.61194717026711
4.63754056601854
4.63025296635555
4.5342110970476
4.55071400019203
4.56549336883519
4.6044699408737
4.56726061291487
4.62094510510345
4.62261709959181
4.59592760462116
4.633854819848
4.64256230520515
4.69427936105987
4.69427936105987
4.62320654847419
4.66494739002395
4.6815755171905
4.73760097316858
4.73321153586898
4.62585477718092
4.66617120754549
4.71169002936576
4.73830149859127
4.80131246179936
4.80713095803439
4.8319869826686
4.84788104279483
4.94534982739763
4.91088862092597
4.86406690700812
4.87725627081532
4.91265488573605
4.88891953541216
4.88726166012663
4.87679909311762
4.87458644963298
4.81047557917242
4.75514071256439
4.80311899866775
4.8390558338342
4.80851910997412
4.79081953287472
4.72836079654329
4.71814166464725
4.75737611887742
4.71742686833376
4.69692861122763
4.67366960241278
4.78340004987879
4.7909856320363
4.8957480615519
4.93108690866979
4.94620343393687
4.97880057057624
4.99761759701495
5.03017644930309
5.10248494772613
5.090000849477
5.12181882305687
5.09104716439012
5.10230248262208
5.11240938621866
5.09711875398439
5.11439452838711
5.10552114146006
5.09626238006369
5.05662789794673
5.0700356373777
5.07548626641587
5.01429525492774
5.03161370048145
5.01502564239755
5.11607580655425
5.11259001661925
5.11252981011091
5.09730216730683
5.11942990648836
5.19089917978074
5.19949101224114
5.1966168117217
5.19201196017711
5.24465284196234
5.25671381669296
5.2518544921377
5.23978742435763
5.20444615093797
5.24607625470235
5.30910892762624
5.35318426798888
5.35554800000231
5.42459753245837
5.47604505433176
5.46179583554051
5.51080433767372
5.52481528567482
5.46434015037249
5.53311277060269
5.44380203329002
5.49708625472059
5.51833604051472
5.48963995887241
5.61342003457581
5.649678215663
5.67572587687368
5.66420969953638
5.67022569112736
5.71702770140622
5.76412470366236
5.7984864101255
5.77402345581901
5.52859540676285
5.43938280682664
5.5097121708277
5.54934842134914
5.59031511306742
5.55640326105981
5.56578397649891
5.56895500439056
5.61130162186204
5.60587559300461
5.56651076241596
5.60547112918941
5.63110424915822
5.61203261604663
5.62661341188507
5.69531337956482
5.66594214167302
5.68653458124665
5.73541033233651
5.76994467690987
5.76198848772056
5.84666996220475
5.86206745362191
5.85550162929204
5.83000388098136
5.84640987290596
5.8676005598856
5.79630088230073
5.80480358871493
5.82876913144921
5.80151396314954
5.88951487457224
5.88058885076205
5.87535199042436
5.77628916544295
5.72374848729708
5.71702770140622
5.77523454206284
5.79975909900369
5.84043814829474
5.90555256556165
5.92751252061546
5.92783228186313
5.96571074665689
5.91663323648498
5.96051552896397
5.97997378039248
5.9606444497681
5.97240914057282
5.92751252061546
6.03330202584956
6.01317711401363
6.02272093675854
6.00064725668263
6.02815803104446
6.02912153828508
6.01161025280094
6.05022861563867
6.02593843496806
6.03500284912247
6.03710690498668
6.06691982552259
6.0769768844322
6.08399814851091
6.09442719016581
6.11295182469226
6.08720645188748
6.10966971587587
6.110424667506
6.10508336889276
6.13893582646619
6.12889769298378
6.14810498206391
6.13511024229009
6.14515083340697
6.17713465789864
6.14662899860933
6.09980312393637
6.1112677630476
6.12358870003502
6.09643248571752
6.1274367086312
6.16434585127008
6.13710050795518
6.15772023621514
6.11741414543076
6.1296382724121
6.1536259126874
6.18906462395149
6.21602709117561
6.24360363526344
6.27927161174791
6.30032697382473
6.33160860576092
6.33128830396271
6.37060279129756
6.36561097195872
6.4058398413459
6.42313332071278
6.45523000938657
6.46213982574676
6.4700252102867
6.48336725651687
6.50596341624027
6.50821756908876
6.4613900483018
6.48002922438572
6.53281452623651
6.55858070821804
6.6293896731677
6.6076496865313
6.66716033405417
6.67307038182137
6.62952176134997
6.68628532641994
6.74321076997086
6.78574582458728
6.86098856625335
6.80180570097226
6.8535947200227
6.81850867846792
6.86213010095586
6.87773927223854
6.88783824514178
6.95591667408915
7.0046551037221
7.01369062939081
6.9946849859702
7.03336538085865
7.02168199971602
6.86409592964172
6.92462222884191
7.00185563633723
7.05929970834438
7.11414323607631
7.15433406735546
7.12151897669009
7.15957957725724
7.19682139320608
7.17153392735236
7.22454216714402
7.19197135179074
7.18569757341295
7.15673030633061
7.21739207307763
7.23627454583865
7.29250734549276
7.24026252253998
7.21994945992953
7.31227327205175
7.28099329479367
7.25883459656371
7.28248622772044
7.26600997445608
7.32493813204429
7.26997183975954
7.26501005478588
7.18155392107529
7.18559911429801
7.21964936074816
7.12281827033162
7.05645972640148
7.13046673695746
7.13554402465607
7.11018987240665
7.09939165120075
7.03313604531328
6.94787943006629
6.96581661839541
7.03830096882878
7.04584626086268
7.03014988719574
7.00916500052058
7.04524507677333
6.98186039398892
6.97273745169179
6.89752310841589
6.81522323657799
6.8200927809683
6.70353161252044
6.7864460335492
6.84194661822531
6.77971734109543
6.75191984742401
6.73477000316517
6.743092877418
6.82102022744748
6.87066589293676
6.88192451894762
6.89801802542639
6.91573336921703
6.90371713664904
6.95722140511399
6.96432463047003
7.0138435297765
7.03097241203947
7.0431075128686
7.02661329219861
7.00967989870406
7.02169092290963
7.03952011215894
7.00462787394361
7.00691259451532
7.01623293131753
7.03014988719574
7.07491243525632
