year mon day c1t c3t 
1962 1 12 0.08 0.05
1962 1 19 -0.03 0.05
1962 1 26 -0.03 -0.03
1962 2 2 0.03 0.03
1962 2 9 0 -0.04
1962 2 16 0.02 -0.05
1962 2 23 -0.02 -0.06
1962 3 2 -0.09 -0.13
1962 3 9 -0.05 0
1962 3 16 -0.05 0
1962 3 23 -0.11 -0.15
1962 3 30 -0.03 0.02
1962 4 6 -0.05 -0.05
1962 4 13 0.06 0.04
1962 4 20 0.03 -0.02
1962 4 27 0.06 0.07
1962 5 4 0 0.01
1962 5 11 -0.05 -0.06
1962 5 18 0.03 0.03
1962 5 25 -0.01 0.01
1962 6 1 -0.05 -0.06
1962 6 8 -0.02 -0.02
1962 6 15 0.01 -0.02
1962 6 22 0.07 0.07
1962 6 29 0.12 0.12
1962 7 6 0.06 0.08
1962 7 13 0.05 0.03
1962 7 20 0.06 0.02
1962 7 27 -0.01 -0.03
1962 8 3 -0.02 -0.02
1962 8 10 -0.02 -0.06
1962 8 17 -0.07 -0.07
1962 8 24 -0.06 -0.07
1962 8 31 -0.04 0.01
1962 9 7 0.02 0.04
1962 9 14 -0.07 -0.02
1962 9 21 -0.02 -0.01
1962 9 28 -0.01 -0.04
1962 10 5 -0.05 -0.07
1962 10 12 0.01 0.02
1962 10 19 -0.03 0
1962 10 26 0.02 0.04
1962 11 2 0 0
1962 11 9 0 0
1962 11 16 0.01 0.03
1962 11 23 0.02 0.03
1962 11 30 0.02 0
1962 12 7 -0.01 0
1962 12 14 -0.03 -0.04
1962 12 21 0.01 -0.04
1962 12 28 0.01 0
1963 1 4 0.03 0.05
1963 1 11 -0.01 -0.01
1963 1 18 -0.02 -0.02
1963 1 25 0.05 0.07
1963 2 1 -0.01 -0.01
1963 2 8 -0.05 -0.03
1963 2 15 0 0
1963 2 22 0.01 -0.02
1963 3 1 0.02 0.04
1963 3 8 -0.04 -0.01
1963 3 15 0.01 0
1963 3 22 0.05 0.01
1963 3 29 0.05 0.04
1963 4 5 -0.02 -0.01
1963 4 12 0.02 0.02
1963 4 19 0.04 0.06
1963 4 26 -0.01 0.02
1963 5 3 -0.02 -0.01
1963 5 10 -0.02 -0.01
1963 5 17 0 0
1963 5 24 0.03 0.01
1963 5 31 0.07 0.06
1963 6 7 0.04 0.04
1963 6 14 -0.05 -0.03
1963 6 21 0.01 0.01
1963 6 28 0 0
1963 7 5 0.1 0.07
1963 7 12 0.21 0.08
1963 7 19 0.05 0.02
1963 7 26 -0.04 0.01
1963 8 2 -0.02 -0.03
1963 8 9 0.01 -0.01
1963 8 16 0.03 0.02
1963 8 23 0.02 0
1963 8 30 0.03 0.02
1963 9 6 0 0.02
1963 9 13 -0.01 0
1963 9 20 0.01 0.02
1963 9 27 -0.02 -0.01
1963 10 4 0.03 0
1963 10 11 0.02 0.02
1963 10 18 0.03 0.02
1963 10 25 0.05 0.03
1963 11 1 -0.01 0.03
1963 11 8 0.07 0.04
1963 11 15 0.02 0
1963 11 22 -0.04 -0.02
1963 11 29 0 0
1963 12 6 0.05 0.03
1963 12 13 0.02 0.02
1963 12 20 0.03 0.05
1963 12 27 0.01 0.01
1964 1 3 0 0.01
1964 1 10 -0.03 0
1964 1 17 -0.02 -0.02
1964 1 24 -0.02 -0.02
1964 1 31 0.01 -0.01
1964 2 7 -0.04 -0.03
1964 2 14 0.01 0
1964 2 21 0.03 0.02
1964 2 28 0.08 0.04
1964 3 6 0.05 0.04
1964 3 13 -0.01 0.01
1964 3 20 0 0.03
1964 3 27 0.04 0.07
1964 4 3 0.01 -0.01
1964 4 10 -0.02 -0.02
1964 4 17 0 0
1964 4 24 -0.04 -0.02
1964 5 1 -0.04 -0.03
1964 5 8 0.01 -0.03
1964 5 15 -0.04 -0.07
1964 5 22 0.02 0.03
1964 5 29 0 -0.01
1964 6 5 0 -0.01
1964 6 12 0.01 0
1964 6 19 0 0
1964 6 26 -0.03 -0.03
1964 7 3 -0.03 -0.03
1964 7 10 -0.04 -0.03
1964 7 17 -0.08 -0.02
1964 7 24 0.04 0.03
1964 7 31 -0.01 -0.01
1964 8 7 0 -0.01
1964 8 14 0.04 0.02
1964 8 21 0.01 -0.01
1964 8 28 0.02 0.01
1964 9 4 0.06 0.04
1964 9 11 0.03 0.04
1964 9 18 -0.01 0
1964 9 25 -0.03 -0.02
1964 10 2 0.02 0.01
1964 10 9 0.02 0.02
1964 10 16 0.01 0.01
1964 10 23 0 -0.02
1964 10 30 0 -0.01
1964 11 6 -0.01 0
1964 11 13 -0.01 -0.02
1964 11 20 0.01 0.02
1964 11 27 0.17 0.11
1964 12 4 0.04 0
1964 12 11 -0.04 -0.05
1964 12 18 -0.04 -0.01
1964 12 25 0.02 0.01
1965 1 1 0 0.01
1965 1 8 -0.07 -0.03
1965 1 15 0 -0.02
1965 1 22 0 -0.02
1965 1 29 0 0.02
1965 2 5 0.04 0.02
1965 2 12 0.04 0.03
1965 2 19 0.02 0.01
1965 2 26 0.04 0.02
1965 3 5 0.02 0.03
1965 3 12 -0.02 0.02
1965 3 19 -0.04 -0.03
1965 3 26 0 -0.02
1965 4 2 0 0.01
1965 4 9 0 -0.01
1965 4 16 -0.01 0
1965 4 23 0.01 0.02
1965 4 30 0 -0.01
1965 5 7 -0.01 -0.02
1965 5 14 -0.01 0.02
1965 5 21 0.01 0
1965 5 28 0.01 -0.02
1965 6 4 -0.01 0
1965 6 11 0 0
1965 6 18 -0.03 -0.01
1965 6 25 -0.06 -0.05
1965 7 2 0.02 0.02
1965 7 9 0.02 0.02
1965 7 16 0 0.01
1965 7 23 0 0
1965 7 30 0.02 0.01
1965 8 6 0.03 0.03
1965 8 13 0.02 0.02
1965 8 20 0.02 0.02
1965 8 27 0.03 0.01
1965 9 3 0.04 0.04
1965 9 10 0.01 0.01
1965 9 17 0.02 -0.02
1965 9 24 0.05 0.03
1965 10 1 0.13 0.07
1965 10 8 -0.06 -0.01
1965 10 15 -0.03 0
1965 10 22 0.03 0.04
1965 10 29 0.03 0.02
1965 11 5 0.05 0.08
1965 11 12 0.01 0.04
1965 11 19 -0.02 -0.03
1965 11 26 0.03 0
1965 12 3 0.02 0.06
1965 12 10 0.2 0.18
1965 12 17 0.12 0.14
1965 12 24 0.08 0.04
1965 12 31 0.1 0.08
1966 1 7 -0.01 0
1966 1 14 -0.03 -0.08
1966 1 21 -0.01 0.01
1966 1 28 0.01 0.03
1966 2 4 0.01 0.05
1966 2 11 0.04 0.05
1966 2 18 0.05 0.05
1966 2 25 0.02 0
1966 3 4 0.02 -0.02
1966 3 11 0 -0.02
1966 3 18 -0.01 -0.06
1966 3 25 -0.08 -0.05
1966 4 1 -0.01 0
1966 4 8 -0.04 -0.08
1966 4 15 0.04 0.04
1966 4 22 -0.01 0.03
1966 4 29 0.01 0.05
1966 5 6 0.02 0.03
1966 5 13 -0.04 -0.04
1966 5 20 0.01 0.02
1966 5 27 0.1 0.13
1966 6 3 0.03 -0.01
1966 6 10 0 0
1966 6 17 -0.04 -0.07
1966 6 24 -0.12 -0.04
1966 7 1 0.09 0.17
1966 7 8 0.11 0.04
1966 7 15 0.13 0.11
1966 7 22 0.02 -0.02
1966 7 29 -0.01 0.02
1966 8 5 0.02 0.04
1966 8 12 0.1 0.11
1966 8 19 0.26 0.27
1966 8 26 0.2 0.28
1966 9 2 0.1 -0.02
1966 9 9 -0.09 -0.19
1966 9 16 0.11 0.05
1966 9 23 -0.03 0.08
1966 9 30 -0.2 -0.28
1966 10 7 -0.06 -0.12
1966 10 14 -0.02 0.04
1966 10 21 -0.02 -0.07
1966 10 28 -0.04 -0.06
1966 11 4 0 0.06
1966 11 11 0.07 0.07
1966 11 18 -0.02 0.03
1966 11 25 -0.1 -0.06
1966 12 2 -0.04 -0.05
1966 12 9 -0.01 -0.01
1966 12 16 -0.24 -0.24
1966 12 23 -0.16 -0.25
1966 12 30 -0.03 -0.03
1967 1 6 -0.08 -0.04
1967 1 13 -0.16 -0.1
1967 1 20 -0.08 -0.11
1967 1 27 0 0
1967 2 3 -0.08 -0.07
1967 2 10 0.02 0.03
1967 2 17 0.13 0.14
1967 2 24 0.07 0.04
1967 3 3 -0.14 -0.12
1967 3 10 -0.13 -0.09
1967 3 17 -0.26 -0.16
1967 3 24 -0.1 -0.12
1967 3 31 -0.05 -0.01
1967 4 7 -0.04 -0.03
1967 4 14 -0.02 0.01
1967 4 21 0.02 0.08
1967 4 28 0 0.1
1967 5 5 0.02 0.04
1967 5 12 0.01 0.07
1967 5 19 0.01 0.02
1967 5 26 0.03 0.06
1967 6 2 0.01 -0.1
1967 6 9 0.04 0.08
1967 6 16 0.22 0.27
1967 6 23 0.1 0.08
1967 6 30 0.24 0.05
1967 7 7 0.21 0
1967 7 14 -0.06 -0.05
1967 7 21 0.04 0.05
1967 7 28 0.12 0.05
1967 8 4 -0.01 -0.03
1967 8 11 0.04 0.1
1967 8 18 -0.03 0.03
1967 8 25 0.04 0.12
1967 9 1 0.04 0.02
1967 9 8 -0.01 -0.01
1967 9 15 0.04 0.06
1967 9 22 0.06 0.05
1967 9 29 0.04 0.01
1967 10 6 -0.01 -0.02
1967 10 13 0.03 0.04
1967 10 20 0.08 0.06
1967 10 27 0.01 0.02
1967 11 3 0.07 0.1
1967 11 10 0.14 0.14
1967 11 17 -0.02 -0.07
1967 11 24 0.03 -0.06
1967 12 1 0 -0.01
1967 12 8 0.07 0.03
1967 12 15 -0.01 0.02
1967 12 22 0 -0.03
1967 12 29 0.04 0.06
1968 1 5 -0.11 -0.12
1968 1 12 -0.17 -0.13
1968 1 19 -0.11 0.02
1968 1 26 0.02 0.03
1968 2 2 -0.02 0
1968 2 9 0.08 0.08
1968 2 16 -0.03 -0.04
1968 2 23 0.01 0.03
1968 3 1 0.03 0.05
1968 3 8 0.03 0.06
1968 3 15 0.16 0.19
1968 3 22 0.03 -0.1
1968 3 29 -0.06 -0.01
1968 4 5 -0.1 -0.22
1968 4 12 0.04 -0.05
1968 4 19 0.18 0.21
1968 4 26 0.19 0.21
1968 5 3 0.1 0.04
1968 5 10 0.04 0.05
1968 5 17 0.08 0.09
1968 5 24 0.19 0.15
1968 5 31 -0.17 -0.23
1968 6 7 -0.11 -0.17
1968 6 14 0 -0.01
1968 6 21 -0.1 -0.15
1968 6 28 -0.02 0.07
1968 7 5 -0.08 -0.11
1968 7 12 -0.14 -0.11
1968 7 19 -0.01 0
1968 7 26 -0.19 -0.16
1968 8 2 -0.08 0.03
1968 8 9 -0.04 -0.03
1968 8 16 0.1 0.03
1968 8 23 -0.01 0
1968 8 30 -0.03 -0.05
1968 9 6 -0.01 -0.03
1968 9 13 0.07 0.08
1968 9 20 -0.07 -0.07
1968 9 27 -0.01 0.02
1968 10 4 0.04 0.05
1968 10 11 0.11 0.08
1968 10 18 0 0
1968 10 25 0.02 0.02
1968 11 1 0.07 0.02
1968 11 8 0.06 0
1968 11 15 0.03 0.01
1968 11 22 0.02 0.01
1968 11 29 -0.01 0.01
1968 12 6 0.2 0.3
1968 12 13 0.06 0.13
1968 12 20 0.22 0.21
1968 12 27 0.27 0.21
1969 1 3 -0.07 -0.09
1969 1 10 0.05 0.02
1969 1 17 -0.2 -0.2
1969 1 24 -0.07 -0.07
1969 1 31 0.1 0.1
1969 2 7 0.09 0.06
1969 2 14 -0.02 -0.03
1969 2 21 0.02 0.12
1969 2 28 0.02 0.08
1969 3 7 0.01 0.06
1969 3 14 -0.1 -0.09
1969 3 21 -0.03 -0.04
1969 3 28 -0.04 -0.07
1969 4 4 -0.02 -0.03
1969 4 11 0 0
1969 4 18 0 -0.04
1969 4 25 0.03 0.01
1969 5 2 0.01 0.12
1969 5 9 0.05 0.04
1969 5 16 0.08 0.07
1969 5 23 0 0.12
1969 5 30 0.16 0.1
1969 6 6 0.21 0.05
1969 6 13 0.3 0.03
1969 6 20 -0.18 0.01
1969 6 27 0.35 0.22
1969 7 4 0.43 0.29
1969 7 11 -0.01 0.02
1969 7 18 -0.15 -0.05
1969 7 25 0 0.11
1969 8 1 0.05 -0.01
1969 8 8 -0.1 -0.12
1969 8 15 0.1 0.11
1969 8 22 -0.13 -0.1
1969 8 29 0.18 0.12
1969 9 5 0.11 0.14
1969 9 12 0.06 0.18
1969 9 19 0.01 0.13
1969 9 26 0.02 0.09
1969 10 3 0.14 0.17
1969 10 10 -0.15 -0.23
1969 10 17 -0.22 -0.35
1969 10 24 -0.21 -0.24
1969 10 31 0.15 0.15
1969 11 7 0.14 0.08
1969 11 14 0.12 0.13
1969 11 21 0.21 0.17
1969 11 28 0.03 -0.07
1969 12 5 -0.02 0.04
1969 12 12 0.14 0.3
1969 12 19 0.01 0.13
1969 12 26 0.04 0.06
1970 1 2 0.13 0.19
1970 1 9 -0.16 -0.08
1970 1 16 -0.18 -0.16
1970 1 23 0.04 -0.06
1970 1 30 0.11 0.13
1970 2 6 -0.21 -0.21
1970 2 13 -0.22 -0.16
1970 2 20 -0.29 -0.19
1970 2 27 -0.22 -0.24
1970 3 6 -0.16 -0.23
1970 3 13 -0.07 -0.06
1970 3 20 0.05 0.06
1970 3 27 -0.24 -0.27
1970 4 3 0.07 0.14
1970 4 10 -0.05 0.05
1970 4 17 0.06 0.17
1970 4 24 0.31 0.25
1970 5 1 0.47 0.24
1970 5 8 0.07 0.1
1970 5 15 0.06 0.03
1970 5 22 -0.06 0
1970 5 29 0.06 0.03
1970 6 5 -0.21 -0.23
1970 6 12 0.01 0.1
1970 6 19 0.02 0.08
1970 6 26 -0.1 -0.06
1970 7 3 -0.14 -0.14
1970 7 10 -0.13 -0.13
1970 7 17 -0.17 -0.05
1970 7 24 -0.04 -0.01
1970 7 31 0.01 0.01
1970 8 7 0.04 0
1970 8 14 0.1 0.03
1970 8 21 -0.15 -0.1
1970 8 28 -0.31 -0.17
1970 9 4 0.12 0.03
1970 9 11 0.03 -0.04
1970 9 18 -0.08 -0.18
1970 9 25 -0.23 -0.21
1970 10 2 0.05 0.07
1970 10 9 -0.08 -0.03
1970 10 16 -0.09 0
1970 10 23 -0.04 0.09
1970 10 30 -0.09 -0.11
1970 11 6 -0.19 -0.21
1970 11 13 -0.24 -0.14
1970 11 20 -0.61 -0.43
1970 11 27 -0.26 -0.41
1970 12 4 0.04 -0.06
1970 12 11 0.05 0.02
1970 12 18 -0.15 0.04
1970 12 25 0.01 0.13
1971 1 1 0.01 -0.03
1971 1 8 0.02 0.09
1971 1 15 -0.3 -0.22
1971 1 22 -0.33 -0.25
1971 1 29 -0.09 -0.1
1971 2 5 -0.09 -0.04
1971 2 12 -0.21 -0.15
1971 2 19 -0.25 -0.21
1971 2 26 -0.03 -0.09
1971 3 5 0.04 -0.08
1971 3 12 -0.14 -0.3
1971 3 19 0.02 -0.15
1971 3 26 0.11 0.06
1971 4 2 0.24 0.21
1971 4 9 0.12 0.2
1971 4 16 0.19 0.35
1971 4 23 0.05 0.27
1971 4 30 0.34 0.22
1971 5 7 0.21 0.24
1971 5 14 0.1 0.06
1971 5 21 0.24 0.19
1971 5 28 -0.08 -0.21
1971 6 4 -0.07 -0.09
1971 6 11 0.35 0.32
1971 6 18 0.41 0.37
1971 6 25 0.05 -0.07
1971 7 2 0.32 0.28
1971 7 9 -0.12 -0.04
1971 7 16 -0.23 -0.07
1971 7 23 0.2 0.17
1971 7 30 0.17 0.09
1971 8 6 0.01 -0.05
1971 8 13 0.01 -0.02
1971 8 20 -0.71 -0.85
1971 8 27 -0.04 0.05
1971 9 3 -0.13 -0.18
1971 9 10 0.05 0.04
1971 9 17 0.08 0.06
1971 9 24 -0.03 0.01
1971 10 1 -0.11 -0.11
1971 10 8 -0.21 -0.08
1971 10 15 -0.22 -0.21
1971 10 22 -0.05 -0.05
1971 10 29 -0.19 -0.1
1971 11 5 -0.09 -0.11
1971 11 12 0.12 0.07
1971 11 19 -0.09 -0.06
1971 11 26 0.16 0.18
1971 12 3 -0.04 -0.1
1971 12 10 -0.05 -0.06
1971 12 17 -0.03 -0.01
1971 12 24 -0.03 0
1971 12 31 -0.16 -0.15
1972 1 7 -0.04 0.02
1972 1 14 -0.27 -0.16
1972 1 21 0.08 0.09
1972 1 28 0.11 0.14
1972 2 4 0.07 0.08
1972 2 11 -0.13 -0.04
1972 2 18 -0.11 -0.09
1972 2 25 0.1 0.02
1972 3 3 0.02 0.03
1972 3 10 0.07 0.08
1972 3 17 0.45 0.37
1972 3 24 0.04 -0.01
1972 3 31 0.18 0.11
1972 4 7 0.15 0.17
1972 4 14 -0.05 -0.01
1972 4 21 -0.19 -0.06
1972 4 28 -0.29 -0.18
1972 5 5 -0.04 -0.11
1972 5 12 0.06 0.01
1972 5 19 0.03 -0.05
1972 5 26 -0.08 -0.1
1972 6 2 0.08 0.02
1972 6 9 0.16 0.07
1972 6 16 0.01 0.04
1972 6 23 0.1 0.1
1972 6 30 0.15 0.09
1972 7 7 -0.03 0
1972 7 14 -0.04 0.01
1972 7 21 -0.13 -0.01
1972 7 28 -0.04 -0.01
1972 8 4 -0.05 -0.04
1972 8 11 0.01 0
1972 8 18 0.01 0.01
1972 8 25 0.25 0.07
1972 9 1 0.3 0.17
1972 9 8 0.07 0.1
1972 9 15 0.05 0
1972 9 22 0.03 -0.04
1972 9 29 0.06 0.01
1972 10 6 0 -0.02
1972 10 13 -0.07 0.01
1972 10 20 0 0.04
1972 10 27 -0.09 -0.04
1972 11 3 -0.06 -0.03
1972 11 10 -0.11 -0.06
1972 11 17 -0.07 -0.04
1972 11 24 0.05 0.02
1972 12 1 0.1 0.03
1972 12 8 0.09 0
1972 12 15 0.04 0.01
1972 12 22 0.09 0.07
1972 12 29 0.07 0.06
1973 1 5 0.06 0.05
1973 1 12 0.08 0.04
1973 1 19 0.11 0.06
1973 1 26 0.14 0.1
1973 2 2 0.12 0.13
1973 2 9 0.01 0.04
1973 2 16 -0.12 -0.03
1973 2 23 0.16 0.16
1973 3 2 0.23 0.09
1973 3 9 0.21 0.09
1973 3 16 0.26 0.07
1973 3 23 0.13 0.04
1973 3 30 -0.03 -0.13
1973 4 6 0.01 0
1973 4 13 -0.19 -0.11
1973 4 20 -0.06 0.07
1973 4 27 0.03 0.05
1973 5 4 0.04 0.02
1973 5 11 -0.06 -0.03
1973 5 18 0.01 0
1973 5 25 0.25 0.05
1973 6 1 0.13 -0.01
1973 6 8 0.06 -0.06
1973 6 15 -0.02 -0.02
1973 6 22 0.09 0.04
1973 6 29 0.24 0.16
1973 7 6 0.52 0.24
1973 7 13 0.07 0.11
1973 7 20 0.29 0.21
1973 7 27 0.31 0.3
1973 8 3 0.18 0.24
1973 8 10 0.28 0.21
1973 8 17 -0.29 -0.32
1973 8 24 -0.23 -0.25
1973 8 31 -0.16 -0.23
1973 9 7 -0.11 -0.09
1973 9 14 0.2 0.12
1973 9 21 -0.19 -0.3
1973 9 28 -0.53 -0.29
1973 10 5 -0.2 -0.02
1973 10 12 -0.24 -0.13
1973 10 19 -0.05 0
1973 10 26 -0.17 0.01
1973 11 2 0.05 0.06
1973 11 9 0.47 0.27
1973 11 16 0.16 0.08
1973 11 23 -0.41 -0.24
1973 11 30 -0.22 -0.14
1973 12 7 0.19 0.1
1973 12 14 -0.2 -0.14
1973 12 21 -0.17 -0.04
1973 12 28 0.24 0.1
1974 1 4 0 0.02
1974 1 11 0.07 0.06
1974 1 18 0.1 0.05
1974 1 25 0.05 0.12
1974 2 1 -0.31 -0.14
1974 2 8 -0.43 -0.22
1974 2 15 0.01 -0.03
1974 2 22 0.04 0.06
1974 3 1 0.26 0.17
1974 3 8 0.19 0.14
1974 3 15 0.13 0.09
1974 3 22 0.63 0.36
1974 3 29 0.29 0.23
1974 4 5 0.12 0.25
1974 4 12 0.11 0.05
1974 4 19 0 -0.05
1974 4 26 0.13 0.09
1974 5 3 0.29 0.25
1974 5 10 0.19 0.22
1974 5 17 -0.43 -0.29
1974 5 24 -0.3 -0.17
1974 5 31 0.08 -0.01
1974 6 7 0.09 0.02
1974 6 14 0 0
1974 6 21 -0.03 0
1974 6 28 0.22 0.19
1974 7 5 0.22 0.17
1974 7 12 -0.04 0.2
1974 7 19 -0.39 -0.29
1974 7 26 -0.12 -0.26
1974 8 2 0.54 0.48
1974 8 9 0.05 -0.01
1974 8 16 0.01 -0.02
1974 8 23 0.44 0.16
1974 8 30 0.3 0.05
1974 9 6 -0.24 -0.12
1974 9 13 -0.5 -0.13
1974 9 20 -0.41 -0.14
1974 9 27 -0.27 -0.2
1974 10 4 -0.1 -0.03
1974 10 11 -0.34 -0.16
1974 10 18 0.12 -0.01
1974 10 25 -0.2 -0.07
1974 11 1 0.11 0.07
1974 11 8 -0.2 -0.17
1974 11 15 -0.21 -0.19
1974 11 22 -0.04 -0.13
1974 11 29 0.08 -0.01
1974 12 6 -0.08 -0.05
1974 12 13 -0.31 -0.27
1974 12 20 -0.14 -0.09
1974 12 27 0.23 0.18
1975 1 3 -0.04 0.08
1975 1 10 -0.28 -0.09
1975 1 17 0.01 0.05
1975 1 24 -0.32 -0.03
1975 1 31 -0.26 -0.18
1975 2 7 -0.51 -0.32
1975 2 14 0.14 -0.01
1975 2 21 -0.21 -0.29
1975 2 28 0.22 0.16
1975 3 7 -0.02 0.03
1975 3 14 -0.06 0.02
1975 3 21 0.09 0.2
1975 3 28 0.15 0.15
1975 4 4 0.41 0.44
1975 4 11 0.32 0.28
1975 4 18 -0.14 -0.04
1975 4 25 0.19 0.2
1975 5 2 -0.13 -0.04
1975 5 9 -0.28 -0.27
1975 5 16 -0.31 -0.28
1975 5 23 -0.09 -0.09
1975 5 30 0.05 0.05
1975 6 6 -0.06 -0.09
1975 6 13 -0.31 -0.27
1975 6 20 0.31 0.16
1975 6 27 0.54 0.39
1975 7 4 0.18 0.12
1975 7 11 0.04 0.01
1975 7 18 0.01 0.06
1975 7 25 0.33 0.16
1975 8 1 0.08 0.13
1975 8 8 0.25 0.17
1975 8 15 0.1 0.08
1975 8 22 0.07 0.08
1975 8 29 -0.09 -0.18
1975 9 5 -0.09 0
1975 9 12 0.08 0.23
1975 9 19 0.18 0.12
1975 9 26 -0.13 -0.21
1975 10 3 -0.05 0.04
1975 10 10 -0.45 -0.24
1975 10 17 -0.25 -0.11
1975 10 24 -0.27 -0.27
1975 10 31 -0.29 -0.24
1975 11 7 -0.14 -0.11
1975 11 14 0.08 0.02
1975 11 21 0.2 0.27
1975 11 28 0.1 0
1975 12 5 0.07 -0.04
1975 12 12 0.13 0.1
1975 12 19 -0.23 -0.21
1975 12 26 -0.33 -0.19
1976 1 2 -0.14 -0.13
1976 1 9 -0.22 -0.1
1976 1 16 -0.19 -0.08
1976 1 23 -0.03 0.06
1976 1 30 -0.06 -0.02
1976 2 6 0.14 0.02
1976 2 13 0 0.11
1976 2 20 0.14 -0.01
1976 2 27 0.06 -0.05
1976 3 5 0.37 0.25
1976 3 12 -0.16 -0.14
1976 3 19 0 -0.03
1976 3 26 -0.17 -0.13
1976 4 2 0.06 0.05
1976 4 9 -0.16 -0.17
1976 4 16 -0.21 -0.18
1976 4 23 0.09 0.04
1976 4 30 0.18 0.17
1976 5 7 0.07 0.09
1976 5 14 0.2 0.18
1976 5 21 0.25 0.2
1976 5 28 0.15 0.14
1976 6 4 0 -0.07
1976 6 11 -0.17 -0.12
1976 6 18 -0.04 -0.05
1976 6 25 -0.03 -0.04
1976 7 2 0.01 0.03
1976 7 9 -0.18 -0.1
1976 7 16 -0.16 -0.14
1976 7 23 0.09 0.13
1976 7 30 -0.1 -0.1
1976 8 6 -0.01 -0.1
1976 8 13 -0.08 -0.1
1976 8 20 -0.02 -0.03
1976 8 27 -0.07 -0.02
1976 9 3 -0.02 -0.06
1976 9 10 -0.02 -0.04
1976 9 17 -0.02 -0.05
1976 9 24 -0.11 -0.05
1976 10 1 0.04 -0.02
1976 10 8 -0.17 -0.26
1976 10 15 -0.25 -0.31
1976 10 22 0.03 0.13
1976 10 29 0.09 0.2
1976 11 5 -0.05 -0.04
1976 11 12 0.06 0.02
1976 11 19 -0.18 -0.22
1976 11 26 -0.28 -0.32
1976 12 3 -0.13 -0.14
1976 12 10 0.01 0.02
1976 12 17 -0.02 0.02
1976 12 24 -0.05 -0.02
1976 12 31 0.01 0.04
1977 1 7 0.15 0.12
1977 1 14 0.2 0.37
1977 1 21 0.16 0.13
1977 1 28 0.12 0.15
1977 2 4 0.07 0.06
1977 2 11 -0.17 -0.15
1977 2 18 -0.03 -0.04
1977 2 25 0.17 0.16
1977 3 4 0.01 -0.02
1977 3 11 -0.03 0.01
1977 3 18 -0.03 -0.04
1977 3 25 0 -0.02
1977 4 1 -0.04 0.01
1977 4 8 -0.02 0
1977 4 15 -0.04 -0.23
1977 4 22 0.02 0.01
1977 4 29 0.13 0.13
1977 5 6 0.13 0.13
1977 5 13 0.2 0.09
1977 5 20 0.06 -0.01
1977 5 27 -0.02 -0.01
1977 6 3 -0.05 -0.07
1977 6 10 -0.03 -0.03
1977 6 17 -0.03 -0.11
1977 6 24 -0.01 0
1977 7 1 -0.07 -0.03
1977 7 8 0.09 0.08
1977 7 15 0.07 0.07
1977 7 22 0.11 0.08
1977 7 29 0.09 0.06
1977 8 5 0.16 0.13
1977 8 12 0.1 0.07
1977 8 19 0.14 0.04
1977 8 26 -0.06 -0.07
1977 9 2 -0.07 -0.06
1977 9 9 0.06 0.03
1977 9 16 0.16 0.09
1977 9 23 -0.02 0.02
1977 9 30 0.08 0.08
1977 10 7 0.16 0.03
1977 10 14 0.26 0.21
1977 10 21 0.02 0.1
1977 10 28 -0.11 0
1977 11 4 0.09 0.04
1977 11 11 -0.06 -0.08
1977 11 18 -0.07 -0.07
1977 11 25 -0.01 0.02
1977 12 2 0 0.03
1977 12 9 0.03 0.05
1977 12 16 0 0
1977 12 23 0.03 0.06
1977 12 30 0.04 0.06
1978 1 6 0.02 0.01
1978 1 13 0.4 0.31
1978 1 20 -0.09 -0.05
1978 1 27 -0.04 -0.01
1978 2 3 -0.02 -0.07
1978 2 10 0.03 0.04
1978 2 17 0.07 0.09
1978 2 24 0 0.03
1978 3 3 -0.04 -0.03
1978 3 10 -0.05 -0.02
1978 3 17 -0.01 -0.05
1978 3 24 -0.03 0.01
1978 3 31 0.14 0.14
1978 4 7 0.04 0.03
1978 4 14 -0.03 -0.01
1978 4 21 0.02 0.02
1978 4 28 0.15 0.12
1978 5 5 0.11 0.04
1978 5 12 0.1 0.07
1978 5 19 0.08 0.01
1978 5 26 0.07 0.08
1978 6 2 -0.01 0.04
1978 6 9 -0.03 -0.03
1978 6 16 0.14 0.03
1978 6 23 0.19 0.21
1978 6 30 0.1 0.11
1978 7 7 0.02 0
1978 7 14 0.08 0.05
1978 7 21 0 -0.01
1978 7 28 -0.03 0
1978 8 4 -0.16 -0.19
1978 8 11 -0.1 -0.15
1978 8 18 0.25 0.16
1978 8 25 0.02 -0.02
1978 9 1 0.07 0.02
1978 9 8 -0.01 -0.02
1978 9 15 0.1 -0.01
1978 9 22 0.16 0.11
1978 9 29 0.09 0.04
1978 10 6 0.07 0.01
1978 10 13 0.05 -0.03
1978 10 20 0.24 0.1
1978 10 27 0.07 0.12
1978 11 3 0.71 0.43
1978 11 10 0.21 -0.02
1978 11 17 -0.27 -0.15
1978 11 24 0.03 0.01
1978 12 1 0.19 0.2
1978 12 8 0.03 -0.04
1978 12 15 -0.02 0.07
1978 12 22 0.37 0.33
1978 12 29 0.05 0.07
1979 1 5 -0.03 -0.01
1979 1 12 0 0.02
1979 1 19 -0.01 -0.01
1979 1 26 -0.19 -0.17
1979 2 2 -0.18 -0.27
1979 2 9 0.06 0.05
1979 2 16 0 0.08
1979 2 23 0.14 0.11
1979 3 2 0.03 0.06
1979 3 9 -0.06 -0.06
1979 3 16 0.01 0
1979 3 23 -0.09 -0.01
1979 3 30 -0.11 -0.05
1979 4 6 -0.02 0.01
1979 4 13 0.15 0.12
1979 4 20 -0.2 -0.02
1979 4 27 0.08 0.03
1979 5 4 0.18 0.07
1979 5 11 -0.03 0
1979 5 18 -0.18 -0.09
1979 5 25 -0.14 -0.18
1979 6 1 -0.07 -0.08
1979 6 8 -0.14 -0.13
1979 6 15 -0.26 -0.16
1979 6 22 0.13 0.09
1979 6 29 -0.22 -0.18
1979 7 6 0.05 -0.03
1979 7 13 0.09 0.1
1979 7 20 0.17 0.08
1979 7 27 0.12 0.09
1979 8 3 -0.1 -0.04
1979 8 10 0 -0.03
1979 8 17 0.23 0.08
1979 8 24 0.19 0.14
1979 8 31 0.14 0.2
1979 9 7 0.47 0.28
1979 9 14 0.16 -0.02
1979 9 21 -0.02 0.06
1979 9 28 -0.08 -0.01
1979 10 5 0.21 0.14
1979 10 12 1.48 0.8
1979 10 19 0.18 0.36
1979 10 26 0.63 0.82
1979 11 2 -0.4 -0.19
1979 11 9 0.03 -0.08
1979 11 16 -0.63 -0.44
1979 11 23 0.14 0.19
1979 11 30 -0.69 -0.67
1979 12 7 0.17 -0.03
1979 12 14 0.35 0.25
1979 12 21 -0.37 -0.18
1979 12 28 -0.07 0.03
1980 1 4 0.18 0.04
1980 1 11 -0.12 -0.06
1980 1 18 0.02 0.09
1980 1 25 0.19 0.18
1980 2 1 0.25 0.28
1980 2 8 0.44 0.59
1980 2 15 0.42 0.29
1980 2 22 1.49 1.53
1980 2 29 0.53 0.42
1980 3 7 0.53 0.2
1980 3 14 -0.09 -0.44
1980 3 21 -0.1 0.03
1980 3 28 0.67 0.45
1980 4 4 -0.51 -0.67
1980 4 11 -1.06 -0.73
1980 4 18 -1.47 -1.1
1980 4 25 -1.35 -0.58
1980 5 2 -0.92 -0.74
1980 5 9 -1.17 -0.92
1980 5 16 -0.33 -0.13
1980 5 23 -0.42 -0.21
1980 5 30 -0.34 -0.09
1980 6 6 -0.12 0.09
1980 6 13 -0.67 -0.45
1980 6 20 -0.02 -0.14
1980 6 27 0.36 0.32
1980 7 4 0.28 0.19
1980 7 11 0.03 0.01
1980 7 18 0.03 0.03
1980 7 25 0.01 0.04
1980 8 1 0.55 0.49
1980 8 8 0.22 0.18
1980 8 15 0.36 0.28
1980 8 22 1.08 0.88
1980 8 29 0.49 0.46
1980 9 5 -0.54 -0.6
1980 9 12 0.38 0.26
1980 9 19 0.53 0.56
1980 9 26 0.42 0.32
1980 10 3 0.21 -0.09
1980 10 10 -0.29 -0.43
1980 10 17 -0.01 0.11
1980 10 24 0.58 0.43
1980 10 31 0.95 0.74
1980 11 7 0.46 0.45
1980 11 14 -0.36 -0.28
1980 11 21 0.59 0.34
1980 11 28 0.61 0.29
1980 12 5 0.37 0.15
1980 12 12 0.34 0.33
1980 12 19 -0.08 0.07
1980 12 26 -1.62 -1.26
1981 1 2 0.04 -0.1
1981 1 9 -0.18 -0.09
1981 1 16 0.23 0.19
1981 1 23 0.61 0.41
1981 1 30 -0.28 -0.19
1981 2 6 0.17 0.28
1981 2 13 0.51 0.45
1981 2 20 -0.42 -0.33
1981 2 27 0 0.27
1981 3 6 0.19 0.15
1981 3 13 -0.77 -0.4
1981 3 20 -0.96 -0.49
1981 3 27 0.55 0.51
1981 4 3 -0.31 -0.17
1981 4 10 0.78 0.49
1981 4 17 0.29 0.18
1981 4 24 0.43 0.26
1981 5 1 0.41 0.24
1981 5 8 1.25 0.78
1981 5 15 0.27 0.01
1981 5 22 -0.19 -0.31
1981 5 29 -1 -0.5
1981 6 5 -0.22 -0.13
1981 6 12 -0.49 -0.26
1981 6 19 -0.06 -0.01
1981 6 26 0.19 0.24
1981 7 3 0.08 0.19
1981 7 10 0.33 0.18
1981 7 17 0.07 0.1
1981 7 24 1.02 0.75
1981 7 31 -0.23 -0.06
1981 8 7 0.43 0.33
1981 8 14 -0.11 -0.21
1981 8 21 0.29 0.31
1981 8 28 0.33 0.41
1981 9 4 0.08 0.08
1981 9 11 -0.22 -0.05
1981 9 18 -0.8 -0.45
1981 9 25 -0.08 0.01
1981 10 2 0.47 0.38
1981 10 9 -0.99 -0.77
1981 10 16 -0.39 -0.38
1981 10 23 0.2 0.29
1981 10 30 -0.32 -0.16
1981 11 6 -1.19 -1.17
1981 11 13 -1.32 -1.1
1981 11 20 -0.63 -0.35
1981 11 27 -0.18 -0.05
1981 12 4 0.3 0.39
1981 12 11 0.32 0.4
1981 12 18 0.47 0.1
1981 12 25 0.77 0.59
1982 1 1 0.12 -0.06
1982 1 8 0.12 0.23
1982 1 15 0.59 0.41
1982 1 22 0.33 0.19
1982 1 29 -0.35 -0.35
1982 2 5 0.48 0.27
1982 2 12 0.26 0.21
1982 2 19 -0.08 -0.17
1982 2 26 -0.95 -0.62
1982 3 5 -0.37 -0.3
1982 3 12 0.02 -0.02
1982 3 19 0.35 0.25
1982 3 26 -0.07 -0.01
1982 4 2 0.31 0.29
1982 4 9 -0.12 -0.11
1982 4 16 -0.13 -0.15
1982 4 23 -0.21 -0.12
1982 4 30 -0.11 -0.07
1982 5 7 -0.04 -0.07
1982 5 14 -0.22 -0.22
1982 5 21 -0.31 -0.02
1982 5 28 -0.18 0
1982 6 4 0.46 0.28
1982 6 11 0.13 0.09
1982 6 18 0.63 0.49
1982 6 25 0.4 0.38
1982 7 2 -0.21 -0.14
1982 7 9 -0.43 -0.32
1982 7 16 -0.52 -0.41
1982 7 23 -0.96 -0.55
1982 7 30 0.23 0.19
1982 8 6 -0.41 -0.46
1982 8 13 -0.09 -0.02
1982 8 20 -1.6 -1.17
1982 8 27 0 -0.07
1982 9 3 0.49 0.25
1982 9 10 -0.07 -0.09
1982 9 17 0.05 0.07
1982 9 24 -0.43 -0.27
1982 10 1 -0.33 -0.36
1982 10 8 -0.29 -0.41
1982 10 15 -1.23 -0.92
1982 10 22 0.07 0.01
1982 10 29 0.37 0.24
1982 11 5 -0.23 -0.56
1982 11 12 0.16 0
1982 11 19 0.04 0.05
1982 11 26 -0.16 -0.09
1982 12 3 0.19 0.12
1982 12 10 -0.2 -0.09
1982 12 17 -0.23 -0.11
1982 12 24 -0.03 0.04
1982 12 31 -0.05 -0.09
1983 1 7 -0.13 -0.14
1983 1 14 -0.21 -0.2
1983 1 21 0.15 0.1
1983 1 28 0.27 0.32
1983 2 4 0.15 0.13
1983 2 11 0.08 0.06
1983 2 18 -0.08 -0.11
1983 2 25 -0.31 -0.29
1983 3 4 -0.08 -0.18
1983 3 11 0.34 0.3
1983 3 18 0.12 0.05
1983 3 25 0.23 0.2
1983 4 1 0.06 0.03
1983 4 8 -0.17 -0.16
1983 4 15 -0.23 -0.19
1983 4 22 0.04 0.06
1983 4 29 -0.15 -0.09
1983 5 6 -0.19 -0.25
1983 5 13 0.06 0.02
1983 5 20 0.23 0.24
1983 5 27 0.3 0.26
1983 6 3 0.2 0.22
1983 6 10 0.21 0.12
1983 6 17 -0.1 -0.09
1983 6 24 0.28 0.25
1983 7 1 -0.04 0.02
1983 7 8 0.34 0.3
1983 7 15 0.15 0.15
1983 7 22 -0.09 0.01
1983 7 29 0.13 0.13
1983 8 5 0.32 0.32
1983 8 12 0.14 0.2
1983 8 19 -0.34 -0.41
1983 8 26 -0.16 -0.14
1983 9 2 0.3 0.38
1983 9 9 -0.19 -0.18
1983 9 16 -0.17 -0.09
1983 9 23 -0.2 -0.15
1983 9 30 -0.12 -0.17
1983 10 7 -0.12 -0.08
1983 10 14 0.15 0.21
1983 10 21 -0.23 -0.16
1983 10 28 0.17 0.19
1983 11 4 0.06 0.03
1983 11 11 0.03 0.03
1983 11 18 -0.03 -0.08
1983 11 25 -0.02 -0.08
1983 12 2 0.11 0.1
1983 12 9 0.09 0.12
1983 12 16 0.05 0.11
1983 12 23 -0.02 -0.08
1983 12 30 -0.04 -0.03
1984 1 6 -0.07 -0.06
1984 1 13 -0.11 -0.06
1984 1 20 -0.05 -0.12
1984 1 27 0.01 0.03
1984 2 3 -0.06 -0.02
1984 2 10 0.13 0.09
1984 2 17 0.11 0.08
1984 2 24 0.16 0.13
1984 3 2 0.03 0.07
1984 3 9 0.09 0.14
1984 3 16 0.2 0.15
1984 3 23 0.32 0.24
1984 3 30 -0.06 0.03
1984 4 6 0.12 0.16
1984 4 13 -0.15 -0.12
1984 4 20 0.18 0.15
1984 4 27 0.04 0.09
1984 5 4 0.21 0.18
1984 5 11 0.33 0.33
1984 5 18 0.16 0.19
1984 5 25 0.16 0.15
1984 6 1 0.26 0.32
1984 6 8 -0.18 -0.26
1984 6 15 0.1 0.09
1984 6 22 0.13 0.16
1984 6 29 0.13 0.22
1984 7 6 -0.11 -0.08
1984 7 13 -0.07 -0.19
1984 7 20 -0.07 -0.13
1984 7 27 -0.13 -0.2
1984 8 3 -0.06 -0.23
1984 8 10 -0.04 -0.19
1984 8 17 -0.07 0.01
1984 8 24 0.07 0.01
1984 8 31 0.17 0.14
1984 9 7 -0.02 0.03
1984 9 14 -0.34 -0.29
1984 9 21 -0.2 -0.15
1984 9 28 0.01 0.08
1984 10 5 -0.03 -0.01
1984 10 12 -0.23 -0.2
1984 10 19 -0.23 -0.18
1984 10 26 -0.47 -0.4
1984 11 2 -0.15 -0.15
1984 11 9 -0.33 -0.27
1984 11 16 0.01 -0.01
1984 11 23 -0.35 -0.3
1984 11 30 -0.09 -0.08
1984 12 7 0.08 0.13
1984 12 14 -0.14 -0.09
1984 12 21 -0.4 -0.39
1984 12 28 0.01 0.07
1985 1 4 0.09 0.19
1985 1 11 -0.15 -0.07
1985 1 18 0.01 -0.02
1985 1 25 -0.15 -0.24
1985 2 1 0.13 0.09
1985 2 8 0.15 0.08
1985 2 15 0.01 -0.02
1985 2 22 0.11 0.16
1985 3 1 0.31 0.35
1985 3 8 0.28 0.16
1985 3 15 0.02 0.01
1985 3 22 0.06 0.05
1985 3 29 -0.29 -0.2
1985 4 5 -0.14 -0.09
1985 4 12 -0.22 -0.18
1985 4 19 -0.37 -0.38
1985 4 26 -0.06 0.01
1985 5 3 0.03 0.03
1985 5 10 -0.19 -0.26
1985 5 17 -0.21 -0.31
1985 5 24 -0.3 -0.32
1985 5 31 -0.13 -0.07
1985 6 7 -0.29 -0.39
1985 6 14 0.05 0.09
1985 6 21 -0.19 -0.16
1985 6 28 0.25 0.37
1985 7 5 -0.25 -0.29
1985 7 12 0.07 -0.02
1985 7 19 0.09 0.17
1985 7 26 0.21 0.28
1985 8 2 0.11 0.1
1985 8 9 0.01 -0.05
1985 8 16 -0.08 -0.18
1985 8 23 -0.12 -0.1
1985 8 30 0.02 0.04
1985 9 6 0.07 0.14
1985 9 13 0.16 0.15
1985 9 20 -0.09 -0.08
1985 9 27 -0.23 -0.26
1985 10 4 0.08 0.08
1985 10 11 0.1 0.1
1985 10 18 -0.05 -0.1
1985 10 25 0.02 -0.04
1985 11 1 -0.06 -0.08
1985 11 8 -0.06 -0.13
1985 11 15 -0.02 -0.06
1985 11 22 -0.04 -0.16
1985 11 29 0.02 -0.03
1985 12 6 0.03 0
1985 12 13 -0.25 -0.34
1985 12 20 -0.08 -0.18
1985 12 27 0.02 0.01
1986 1 3 0.04 0.01
1986 1 10 0.11 0.14
1986 1 17 0.12 0.18
1986 1 24 -0.13 -0.11
1986 1 31 -0.11 -0.17
1986 2 7 0.01 -0.08
1986 2 14 0.06 -0.04
1986 2 21 -0.07 -0.07
1986 2 28 -0.1 -0.19
1986 3 7 -0.3 -0.4
1986 3 14 -0.19 -0.25
1986 3 21 -0.02 0.03
1986 3 28 -0.12 -0.1
1986 4 4 -0.22 -0.16
1986 4 11 -0.26 -0.21
1986 4 18 -0.2 -0.23
1986 4 25 0.25 0.35
1986 5 2 0.1 0.13
1986 5 9 -0.07 -0.09
1986 5 16 0.16 0.3
1986 5 23 0.09 0.17
1986 5 30 0.05 0.02
1986 6 6 0.21 0.27
1986 6 13 -0.15 -0.17
1986 6 20 -0.24 -0.32
1986 6 27 -0.07 -0.11
1986 7 4 -0.18 -0.15
1986 7 11 -0.07 -0.07
1986 7 18 -0.11 -0.19
1986 7 25 0.07 0.09
1986 8 1 0.02 0.07
1986 8 8 -0.11 -0.14
1986 8 15 -0.15 -0.2
1986 8 22 -0.16 -0.2
1986 8 29 -0.18 -0.1
1986 9 5 -0.01 0.1
1986 9 12 0.13 0.29
1986 9 19 0.02 0.07
1986 9 26 -0.01 0
1986 10 3 -0.01 -0.06
1986 10 10 -0.22 -0.22
1986 10 17 0.16 0.16
1986 10 24 0.09 0.07
1986 10 31 -0.08 -0.09
1986 11 7 0.02 -0.09
1986 11 14 0.13 0.07
1986 11 21 -0.1 -0.11
1986 11 28 -0.02 -0.05
1986 12 5 0.01 -0.02
1986 12 12 0.05 0.01
1986 12 19 0.07 0.07
1986 12 26 0.02 0.01
1987 1 2 0.05 0.08
1987 1 9 -0.17 -0.16
1987 1 16 -0.04 0.01
1987 1 23 -0.07 -0.02
1987 1 30 0.13 0.09
1987 2 6 0.1 0.07
1987 2 13 0.13 0.12
1987 2 20 -0.07 -0.08
1987 2 27 -0.08 -0.05
1987 3 6 0.04 0
1987 3 13 0.12 0.04
1987 3 20 -0.07 -0.03
1987 3 27 0.08 0.1
1987 4 3 0.11 0.23
1987 4 10 0.08 0.12
1987 4 17 0.34 0.42
1987 4 24 0.07 0.17
1987 5 1 0.09 0.14
1987 5 8 0.12 0.16
1987 5 15 0.15 0.13
1987 5 22 0.17 0.27
1987 5 29 -0.25 -0.26
1987 6 5 -0.04 -0.01
1987 6 12 -0.11 -0.11
1987 6 19 -0.07 -0.21
1987 6 26 0.04 0.04
1987 7 3 -0.06 0
1987 7 10 -0.1 -0.07
1987 7 17 -0.08 0
1987 7 24 0.18 0.12
1987 7 31 0.17 0.14
1987 8 7 0.08 0.11
1987 8 14 -0.03 -0.09
1987 8 21 0.08 0.05
1987 8 28 0.15 0.15
1987 9 4 0.25 0.28
1987 9 11 0.31 0.29
1987 9 18 -0.07 -0.06
1987 9 25 0.05 0.07
1987 10 2 0.18 0.18
1987 10 9 0.22 0.21
1987 10 16 0.23 0.33
1987 10 23 -1.11 -0.89
1987 10 30 -0.49 -0.53
1987 11 6 0.14 -0.05
1987 11 13 0.09 0
1987 11 20 0.05 0.02
1987 11 27 0.01 0.07
1987 12 4 0 -0.01
1987 12 11 0.22 0.17
1987 12 18 -0.01 -0.04
1987 12 25 -0.04 -0.05
1988 1 1 -0.04 -0.04
1988 1 8 0 -0.03
1988 1 15 -0.03 -0.06
1988 1 22 -0.22 -0.19
1988 1 29 -0.13 -0.17
1988 2 5 -0.12 -0.21
1988 2 12 -0.06 -0.08
1988 2 19 0.11 0.08
1988 2 26 -0.07 -0.07
1988 3 4 0 -0.02
1988 3 11 0.09 0.12
1988 3 18 -0.09 -0.01
1988 3 25 0.14 0.16
1988 4 1 0.01 0.06
1988 4 8 0.23 0.12
1988 4 15 -0.09 -0.03
1988 4 22 0.11 0.13
1988 4 29 0.04 0.04
1988 5 6 0.16 0.14
1988 5 13 0.1 0.13
1988 5 20 0.07 0.07
1988 5 27 0.18 0.14
1988 6 3 0.01 -0.06
1988 6 10 -0.13 -0.14
1988 6 17 -0.06 -0.07
1988 6 24 0.13 0.13
1988 7 1 -0.01 -0.05
1988 7 8 0.1 0.06
1988 7 15 0.17 0.18
1988 7 22 0 0.06
1988 7 29 0.06 0.05
1988 8 5 0.04 -0.04
1988 8 12 0.28 0.24
1988 8 19 0.1 0.09
1988 8 26 0.01 0.04
1988 9 2 -0.04 -0.1
1988 9 9 -0.15 -0.23
1988 9 16 -0.08 -0.04
1988 9 23 0.06 0.02
1988 9 30 0.11 0.08
1988 10 7 -0.05 -0.14
1988 10 14 -0.06 -0.04
1988 10 21 0.05 -0.01
1988 10 28 0.01 -0.01
1988 11 4 -0.03 -0.04
1988 11 11 0.25 0.23
1988 11 18 0.2 0.16
1988 11 25 0.16 0.17
1988 12 2 0.04 0.04
1988 12 9 0.14 0.03
1988 12 16 0.21 0.16
1988 12 23 -0.1 -0.05
1988 12 30 0.07 0.08
1989 1 6 0.1 0.1
1989 1 13 -0.06 -0.03
1989 1 20 -0.15 -0.13
1989 1 27 0.01 -0.03
1989 2 3 0.08 0.03
1989 2 10 0.1 0.1
1989 2 17 0.12 0.12
1989 2 24 0.14 0.06
1989 3 3 -0.01 0.01
1989 3 10 -0.01 0
1989 3 17 0.17 0.18
1989 3 24 0.22 0.21
1989 3 31 -0.07 -0.08
1989 4 7 -0.24 -0.27
1989 4 14 0.01 0.06
1989 4 21 -0.2 -0.18
1989 4 28 -0.06 -0.09
1989 5 5 -0.06 -0.08
1989 5 12 -0.11 -0.1
1989 5 19 -0.16 -0.18
1989 5 26 -0.03 -0.08
1989 6 2 -0.06 -0.11
1989 6 9 -0.4 -0.38
1989 6 16 0.05 0.05
1989 6 23 0.08 0.07
1989 6 30 -0.25 -0.25
1989 7 7 -0.31 -0.26
1989 7 14 -0.12 -0.14
1989 7 21 0.11 0.09
1989 7 28 -0.1 -0.12
1989 8 4 -0.13 -0.11
1989 8 11 0.39 0.35
1989 8 18 0.18 0.22
1989 8 25 0.06 0.1
1989 9 1 -0.04 0.04
1989 9 8 -0.05 -0.08
1989 9 15 -0.2 -0.18
1989 9 22 0.11 0.08
1989 9 29 0.2 0.23
1989 10 6 -0.03 -0.1
1989 10 13 -0.35 -0.32
1989 10 20 -0.15 -0.06
1989 10 27 -0.04 -0.08
1989 11 3 0.08 0.06
1989 11 10 -0.02 -0.03
1989 11 17 -0.16 -0.15
1989 11 24 -0.07 -0.05
1989 12 1 0.09 0.07
1989 12 8 0 0.01
1989 12 15 0 -0.03
1989 12 22 -0.07 -0.02
1989 12 29 0.14 0.18
1990 1 5 0.02 0.03
1990 1 12 -0.04 0.02
1990 1 19 0.19 0.24
1990 1 26 0.04 0.09
1990 2 2 0.08 0.1
1990 2 9 0.04 0
1990 2 16 -0.08 -0.08
1990 2 23 0.14 0.19
1990 3 2 -0.05 -0.05
1990 3 9 0.2 0.16
1990 3 16 0.08 0.1
1990 3 23 -0.07 -0.07
1990 3 30 -0.01 0
1990 4 6 -0.05 -0.01
1990 4 13 0 -0.01
1990 4 20 0.12 0.19
1990 4 27 0.16 0.22
1990 5 4 -0.01 -0.01
1990 5 11 -0.2 -0.28
1990 5 18 -0.12 -0.13
1990 5 25 -0.02 -0.02
1990 6 1 -0.04 -0.08
1990 6 8 -0.1 -0.12
1990 6 15 -0.03 -0.02
1990 6 22 0.09 0.08
1990 6 29 -0.01 -0.02
1990 7 6 -0.07 -0.09
1990 7 13 0.03 0.06
1990 7 20 -0.22 -0.16
1990 7 27 -0.02 -0.02
1990 8 3 -0.18 -0.2
1990 8 10 0.03 0.14
1990 8 17 0.03 0
1990 8 24 0.2 0.23
1990 8 31 -0.08 -0.05
1990 9 7 -0.11 -0.09
1990 9 14 0.01 0
1990 9 21 0.02 0.01
1990 9 28 0.02 0.08
1990 10 5 -0.21 -0.26
1990 10 12 0.04 0.11
1990 10 19 -0.04 -0.08
1990 10 26 -0.08 -0.11
1990 11 2 -0.09 -0.04
1990 11 9 -0.06 -0.14
1990 11 16 -0.05 -0.11
1990 11 23 -0.01 -0.01
1990 11 30 0.01 -0.01
1990 12 7 -0.06 -0.11
1990 12 14 -0.16 -0.17
1990 12 21 -0.12 0.02
1990 12 28 -0.01 0.07
1991 1 4 -0.17 -0.15
1991 1 11 -0.07 0.07
1991 1 18 -0.09 0.02
1991 1 25 -0.04 -0.08
1991 2 1 -0.07 -0.06
1991 2 8 -0.28 -0.28
1991 2 15 -0.03 -0.03
1991 2 22 0.1 0.14
1991 3 1 0.1 0.15
1991 3 8 0.08 0.09
1991 3 15 -0.16 -0.1
1991 3 22 0.09 0.16
1991 3 29 -0.07 -0.06
1991 4 5 -0.08 -0.11
1991 4 12 -0.04 -0.01
1991 4 19 0.04 -0.03
1991 4 26 -0.01 0.04
1991 5 3 -0.14 -0.09
1991 5 10 0.02 -0.03
1991 5 17 0 0
1991 5 24 0.02 -0.01
1991 5 31 -0.02 -0.05
1991 6 7 0.17 0.22
1991 6 14 0.1 0.15
1991 6 21 -0.03 -0.03
1991 6 28 -0.01 0.01
1991 7 5 0.04 0
1991 7 12 -0.1 0.02
1991 7 19 0.02 -0.06
1991 7 26 -0.03 -0.03
1991 8 2 -0.11 -0.14
1991 8 9 -0.3 -0.29
1991 8 16 -0.16 -0.15
1991 8 23 -0.1 -0.11
1991 8 30 0.12 0.04
1991 9 6 -0.04 -0.04
1991 9 13 -0.12 -0.1
1991 9 20 -0.02 -0.08
1991 9 27 -0.06 -0.1
1991 10 4 -0.1 -0.12
1991 10 11 -0.04 -0.03
1991 10 18 -0.03 -0.02
1991 10 25 0.06 0.09
1991 11 1 -0.24 -0.18
1991 11 8 -0.15 -0.13
1991 11 15 -0.04 -0.04
1991 11 22 -0.14 -0.11
1991 11 29 -0.08 -0.03
1991 12 6 -0.13 -0.18
1991 12 13 -0.17 -0.17
1991 12 20 -0.09 -0.08
1991 12 27 -0.18 -0.21
1992 1 3 -0.03 -0.03
1992 1 10 -0.08 -0.02
1992 1 17 0.11 0.33
1992 1 24 -0.03 0.02
1992 1 31 0.09 0.18
1992 2 7 -0.04 -0.04
1992 2 14 0 0
1992 2 21 0.18 0.21
1992 2 28 0.04 0.04
1992 3 6 0.14 0.14
1992 3 13 0.09 0.14
1992 3 20 0.09 0.19
1992 3 27 -0.09 -0.07
1992 4 3 -0.14 -0.17
1992 4 10 -0.25 -0.28
1992 4 17 -0.11 -0.04
1992 4 24 0.18 0.25
1992 5 1 0.02 0
1992 5 8 -0.09 -0.1
1992 5 15 -0.13 -0.17
1992 5 22 0 -0.02
1992 5 29 0.15 0.1
1992 6 5 0 -0.06
1992 6 12 -0.09 -0.1
1992 6 19 -0.06 -0.12
1992 6 26 0.02 -0.06
1992 7 3 -0.18 -0.16
1992 7 10 -0.32 -0.34
1992 7 17 -0.11 -0.12
1992 7 24 0 -0.07
1992 7 31 0.04 0.03
1992 8 7 -0.03 0.01
1992 8 14 -0.11 -0.15
1992 8 21 -0.03 -0.1
1992 8 28 0.12 0.2
1992 9 4 -0.13 -0.21
1992 9 11 -0.22 -0.23
1992 9 18 -0.02 0.05
1992 9 25 0.01 0.04
1992 10 2 -0.14 -0.18
1992 10 9 0.07 0.08
1992 10 16 0.17 0.22
1992 10 23 0.22 0.33
1992 10 30 0.02 0.04
1992 11 6 0.08 0.1
1992 11 13 0.06 0.06
1992 11 20 0.09 0.08
1992 11 27 0.03 0.07
1992 12 4 0.06 0.11
1992 12 11 -0.1 -0.16
1992 12 18 0.04 0.06
1992 12 25 -0.12 -0.11
1993 1 1 -0.02 -0.01
1993 1 8 -0.02 -0.07
1993 1 15 -0.1 -0.08
1993 1 22 -0.03 -0.07
1993 1 29 -0.06 -0.13
1993 2 5 0 -0.08
1993 2 12 0.04 0.01
1993 2 19 -0.09 -0.2
1993 2 26 -0.05 -0.13
1993 3 5 -0.01 -0.1
1993 3 12 0.09 0.19
1993 3 19 -0.03 -0.01
1993 3 26 -0.06 -0.07
1993 4 2 0.02 0.04
1993 4 9 -0.01 -0.05
1993 4 16 -0.1 -0.12
1993 4 23 -0.03 -0.03
1993 4 30 0.07 0.07
1993 5 7 -0.02 -0.06
1993 5 14 0.04 0.06
1993 5 21 0.13 0.18
1993 5 28 0.15 0.12
1993 6 4 0.03 -0.02
1993 6 11 0.03 0.07
1993 6 18 -0.12 -0.15
1993 6 25 0.04 0
1993 7 2 -0.11 -0.13
1993 7 9 0 -0.01
1993 7 16 -0.01 -0.02
1993 7 23 0.12 0.15
1993 7 30 0.04 0.05
1993 8 6 -0.02 -0.01
1993 8 13 -0.07 -0.09
1993 8 20 -0.07 -0.1
1993 8 27 -0.04 -0.12
1993 9 3 -0.03 -0.06
1993 9 10 -0.02 -0.07
1993 9 17 0.06 0.1
1993 9 24 0.01 0.03
1993 10 1 -0.04 -0.05
1993 10 8 0 -0.02
1993 10 15 0.01 -0.06
1993 10 22 0.04 0.08
1993 10 29 0.06 0.11
1993 11 5 0.1 0.19
1993 11 12 -0.01 0.01
1993 11 19 0.03 0.01
1993 11 26 0.03 0.07
1993 12 3 0.01 -0.02
1993 12 10 -0.02 -0.03
1993 12 17 0.01 0.06
1993 12 24 -0.01 -0.03
1993 12 31 0.01 -0.01
1994 1 7 0.02 0.06
1994 1 14 -0.11 -0.16
1994 1 21 -0.01 0.02
1994 1 28 0 -0.01
1994 2 4 0.15 0.13
1994 2 11 0.19 0.24
1994 2 18 0.03 0.04
1994 2 25 0.13 0.18
1994 3 4 0.15 0.16
1994 3 11 0.12 0.13
1994 3 18 0.03 0.05
1994 3 25 0.05 0.08
1994 4 1 0.1 0.17
1994 4 8 0.25 0.3
1994 4 15 -0.01 -0.01
1994 4 22 0.2 0.18
1994 4 29 0.09 -0.01
1994 5 6 0.24 0.22
1994 5 13 0.26 0.24
1994 5 20 -0.26 -0.34
1994 5 27 0.06 0.1
1994 6 3 0.02 -0.01
1994 6 10 -0.15 -0.16
1994 6 17 0.02 0.08
1994 6 24 0.12 0.11
1994 7 1 0.17 0.14
1994 7 8 0.02 0.04
1994 7 15 0 0.03
1994 7 22 -0.08 -0.14
1994 7 29 0.1 0.09
1994 8 5 -0.1 -0.12
1994 8 12 0.19 0.22
1994 8 19 0.03 -0.05
1994 8 26 -0.02 -0.01
1994 9 2 -0.05 -0.07
1994 9 9 0.06 0.1
1994 9 16 0.1 0.1
1994 9 23 0.13 0.13
1994 9 30 0.07 0.09
1994 10 7 0.15 0.15
1994 10 14 -0.03 -0.07
1994 10 21 0.06 0.06
1994 10 28 0.12 0.15
1994 11 4 0.06 0.08
1994 11 11 0.14 0.14
1994 11 18 0.16 0.07
1994 11 25 0.05 0.05
1994 12 2 0.26 0.12
1994 12 9 0.21 0.02
1994 12 16 0.1 0.09
1994 12 23 -0.08 0.01
1994 12 30 0.09 0.05
1995 1 6 0.03 0.02
1995 1 13 -0.12 -0.08
1995 1 20 -0.1 -0.08
1995 1 27 -0.07 -0.05
1995 2 3 -0.07 -0.19
1995 2 10 -0.09 -0.02
1995 2 17 -0.09 -0.11
1995 2 24 -0.16 -0.21
1995 3 3 -0.07 -0.12
1995 3 10 0.07 0.09
1995 3 17 -0.15 -0.23
1995 3 24 -0.02 0.02
1995 3 31 0.01 0.01
1995 4 7 0 -0.04
1995 4 14 -0.1 -0.08
1995 4 21 -0.11 -0.14
1995 4 28 0.07 0.06
1995 5 5 -0.08 -0.1
1995 5 12 -0.16 -0.27
1995 5 19 -0.02 -0.02
1995 5 26 -0.06 -0.11
1995 6 2 -0.21 -0.31
1995 6 9 -0.02 0
1995 6 16 -0.03 0
1995 6 23 -0.07 -0.1
1995 6 30 0.06 0.1
1995 7 7 -0.12 -0.09
1995 7 14 -0.06 -0.04
1995 7 21 0.17 0.27
1995 7 28 0.08 0.1
1995 8 4 -0.04 -0.01
1995 8 11 0.03 0.01
1995 8 18 0.15 0.14
1995 8 25 -0.05 -0.06
1995 9 1 -0.15 -0.19
1995 9 8 -0.03 -0.08
1995 9 15 -0.04 -0.04
1995 9 22 -0.02 0.03
1995 9 29 0.12 0.1
1995 10 6 -0.08 -0.13
1995 10 13 -0.01 -0.05
1995 10 20 -0.01 -0.05
1995 10 27 -0.01 0.01
1995 11 3 -0.1 -0.11
1995 11 10 -0.03 -0.02
1995 11 17 -0.02 -0.04
1995 11 24 0.01 -0.02
1995 12 1 -0.05 -0.09
1995 12 8 -0.04 -0.09
1995 12 15 0 0.04
1995 12 22 -0.05 0.01
1995 12 29 -0.09 -0.14
1996 1 5 -0.03 -0.03
1996 1 12 -0.01 0.03
1996 1 19 -0.14 -0.16
1996 1 26 0.02 0.05
1996 2 2 -0.12 -0.08
1996 2 9 -0.08 -0.07
1996 2 16 -0.04 -0.09
1996 2 23 0.23 0.34
1996 3 1 0.1 0.16
1996 3 8 0.01 0.08
1996 3 15 0.26 0.38
1996 3 22 0.03 0.01
1996 3 29 -0.02 -0.02
1996 4 5 0.06 0.08
1996 4 12 0.14 0.26
1996 4 19 -0.11 -0.12
1996 4 26 0.01 -0.01
1996 5 3 0.11 0.14
1996 5 10 0.04 0.09
1996 5 17 -0.08 -0.12
1996 5 24 0 -0.01
1996 5 31 0.11 0.14
1996 6 7 0.08 0.1
1996 6 14 0.08 0.12
1996 6 21 -0.04 -0.06
1996 6 28 -0.03 -0.06
1996 7 5 0.03 -0.01
1996 7 12 0.08 0.1
1996 7 19 -0.1 -0.13
1996 7 26 0.05 0.04
1996 8 2 -0.05 -0.1
1996 8 9 -0.2 -0.22
1996 8 16 0.02 0.01
1996 8 23 0.02 0.05
1996 8 30 0.17 0.23
1996 9 6 0.14 0.14
1996 9 13 -0.07 -0.1
1996 9 20 -0.06 -0.05
1996 9 27 -0.1 -0.11
1996 10 4 -0.11 -0.13
1996 10 11 -0.04 -0.06
1996 10 18 -0.02 -0.02
1996 10 25 0.01 0.01
1996 11 1 -0.08 -0.12
1996 11 8 -0.04 -0.08
1996 11 15 -0.03 -0.08
1996 11 22 0.01 -0.02
1996 11 29 -0.01 -0.04
1996 12 6 0.01 0.02
1996 12 13 0.04 0.12
1996 12 20 0.05 0.09
1996 12 27 -0.01 -0.01
1997 1 3 0.05 0.09
1997 1 10 0.06 0.09
1997 1 17 0 0
1997 1 24 0 0.02
1997 1 31 0.01 0
1997 2 7 -0.09 -0.14
1997 2 14 -0.04 -0.04
1997 2 21 -0.02 -0.03
1997 2 28 0.13 0.19
1997 3 7 0.1 0.12
1997 3 14 0.02 0.03
1997 3 21 0.09 0.12
1997 3 28 0.13 0.1
1997 4 4 0.05 0.06
1997 4 11 0 0.04
1997 4 18 -0.01 0.01
1997 4 25 0.03 0.01
1997 5 2 -0.08 -0.16
1997 5 9 -0.03 -0.04
1997 5 16 -0.04 -0.04
1997 5 23 -0.01 0.01
1997 5 30 0.01 0.03
1997 6 6 -0.1 -0.12
1997 6 13 -0.04 -0.05
1997 6 20 -0.07 -0.11
1997 6 27 0 0.04
1997 7 4 -0.02 -0.03
1997 7 11 -0.09 -0.14
1997 7 18 0.02 -0.01
1997 7 25 -0.02 -0.05
1997 8 1 -0.06 -0.07
1997 8 8 0.07 0.16
1997 8 15 0.04 0.02
1997 8 22 -0.05 -0.07
1997 8 29 0.05 0.1
1997 9 5 -0.01 -0.03
1997 9 12 0.01 0
1997 9 19 -0.11 -0.17
1997 9 26 -0.01 -0.02
1997 10 3 -0.02 -0.05
1997 10 10 0 -0.02
1997 10 17 0.07 0.09
1997 10 24 0.01 0.02
1997 10 31 -0.18 -0.2
1997 11 7 0.09 0.04
1997 11 14 0 -0.01
1997 11 21 0.02 -0.03
1997 11 28 0.04 0.04
1997 12 5 0.04 0.02
1997 12 12 -0.01 -0.01
1997 12 19 -0.04 -0.09
1997 12 26 0.06 0.02
1998 1 2 -0.03 -0.01
1998 1 9 -0.27 -0.33
1998 1 16 -0.07 -0.09
1998 1 23 0.04 0.08
1998 1 30 0.06 0.07
1998 2 6 -0.02 -0.05
1998 2 13 0.02 0.03
1998 2 20 0 -0.03
1998 2 27 0.14 0.17
1998 3 6 0.01 0.07
1998 3 13 -0.06 -0.09
1998 3 20 -0.01 -0.03
1998 3 27 0.03 0.09
1998 4 3 -0.03 -0.02
1998 4 10 -0.06 -0.07
1998 4 17 0.09 0.06
1998 4 24 0.01 0.05
1998 5 1 0.05 0.08
1998 5 8 -0.02 -0.07
1998 5 15 0.03 0.02
1998 5 22 -0.01 -0.04
1998 5 29 -0.02 -0.04
1998 6 5 -0.01 -0.01
1998 6 12 0 -0.03
1998 6 19 -0.02 -0.03
1998 6 26 0.01 0.03
1998 7 3 -0.03 -0.03
1998 7 10 -0.04 -0.05
1998 7 17 0.02 0.04
1998 7 24 0 -0.01
1998 7 31 0.01 0.01
1998 8 7 -0.06 -0.09
1998 8 14 -0.08 -0.08
1998 8 21 0.01 -0.02
1998 8 28 -0.14 -0.24
1998 9 4 -0.19 -0.21
1998 9 11 -0.15 -0.17
1998 9 18 0 -0.02
1998 9 25 -0.15 -0.14
1998 10 2 -0.2 -0.25
1998 10 9 -0.23 -0.08
1998 10 16 -0.04 0.04
1998 10 23 -0.13 -0.07
1998 10 30 0.09 0.05
1998 11 6 0.36 0.3
1998 11 13 0.06 0.07
1998 11 20 0.02 0.03
1998 11 27 0.05 0.04
1998 12 4 -0.13 -0.22
1998 12 11 0.03 0.01
1998 12 18 -0.02 -0.02
1998 12 25 0.16 0.23
1999 1 1 -0.04 -0.04
1999 1 8 -0.04 0.03
1999 1 15 -0.04 -0.02
1999 1 22 -0.02 0.01
1999 1 29 0.02 -0.04
1999 2 5 0.1 0.17
1999 2 12 0.06 0.08
1999 2 19 0.04 0.12
1999 2 26 0.11 0.14
1999 3 5 0.07 0.16
1999 3 12 -0.12 -0.15
1999 3 19 -0.03 -0.07
1999 3 26 0.01 0.04
1999 4 2 -0.03 -0.01
1999 4 9 -0.06 -0.1
1999 4 16 0.01 0.05
1999 4 23 0.03 0.05
1999 4 30 0.03 0.04
1999 5 7 0.05 0.11
1999 5 14 0.01 0.06
1999 5 21 0.1 0.15
1999 5 28 0.04 0.01
1999 6 4 0.15 0.2
1999 6 11 0.04 0.07
1999 6 18 -0.09 -0.03
1999 6 25 0.11 0.1
1999 7 2 -0.03 -0.09
1999 7 9 -0.05 0.02
1999 7 16 -0.05 -0.13
1999 7 23 -0.03 -0.02
1999 7 30 0.09 0.1
1999 8 6 0.06 0.08
1999 8 13 0.1 0.14
1999 8 20 -0.03 -0.12
1999 8 27 -0.01 -0.06
1999 9 3 0.1 0.11
1999 9 10 -0.01 -0.02
1999 9 17 -0.02 -0.02
1999 9 24 -0.03 -0.05
1999 10 1 0.01 0.02
1999 10 8 0.1 0.14
1999 10 15 0.08 0.05
1999 10 22 0.05 0.07
1999 10 29 0.04 0.02
1999 11 5 -0.06 -0.14
1999 11 12 0.05 -0.04
1999 11 19 0.06 0.08
1999 11 26 0.09 0.09
1999 12 3 0.08 0.08
1999 12 10 -0.04 -0.08
1999 12 17 0.16 0.11
1999 12 24 0.12 0.15
1999 12 31 -0.02 0
2000 1 7 0.08 0.13
2000 1 14 0.09 0.09
2000 1 21 0.01 0.05
2000 1 28 0.04 0.01
2000 2 4 0.07 0.09
2000 2 11 -0.04 0.11
2000 2 18 0.03 -0.03
2000 2 25 -0.01 -0.14
2000 3 3 -0.04 -0.02
2000 3 10 0 0.01
2000 3 17 0.02 -0.06
2000 3 24 0.04 0
2000 3 31 0.06 0.03
2000 4 7 -0.13 -0.2
2000 4 14 -0.03 -0.04
2000 4 21 -0.05 0.01
2000 4 28 0.1 0.19
2000 5 5 0.05 0.23
2000 5 12 0.14 0.1
2000 5 19 0.02 0.02
2000 5 26 -0.12 -0.12
2000 6 2 0.02 -0.12
2000 6 9 -0.07 -0.13
2000 6 16 -0.09 -0.07
2000 6 23 0.01 0.02
2000 6 30 -0.02 -0.05
2000 7 7 -0.05 -0.12
2000 7 14 0.01 0.03
2000 7 21 0.02 0.06
2000 7 28 -0.05 -0.09
2000 8 4 0.03 -0.07
2000 8 11 0.08 -0.03
2000 8 18 0.04 0.09
2000 8 25 -0.01 -0.07
2000 9 1 0.03 -0.04
2000 9 8 -0.03 -0.1
2000 9 15 -0.06 0
2000 9 22 -0.05 0
2000 9 29 -0.01 -0.06
2000 10 6 -0.02 -0.02
2000 10 13 -0.08 -0.1
2000 10 20 -0.04 -0.08
2000 10 27 0.07 0.03
2000 11 3 0.1 0.06
2000 11 10 0.03 0.04
2000 11 17 -0.05 -0.1
2000 11 24 0 -0.05
2000 12 1 -0.09 -0.14
2000 12 8 -0.22 -0.2
2000 12 15 -0.05 -0.06
2000 12 22 -0.29 -0.23
2000 12 29 -0.1 -0.06
2001 1 5 -0.45 -0.29
2001 1 12 -0.1 -0.04
2001 1 19 0.06 0.08
2001 1 26 -0.02 0
2001 2 2 -0.17 -0.11
2001 2 9 0.06 0.04
2001 2 16 0.08 0.07
2001 2 23 -0.11 -0.09
2001 3 2 -0.22 -0.21
2001 3 9 0 0.02
2001 3 16 -0.16 -0.1
2001 3 23 -0.14 -0.11
2001 3 30 0.02 0.09
2001 4 6 -0.19 -0.11
2001 4 13 0.07 0.11
2001 4 20 -0.03 0.12
2001 4 27 -0.22 -0.1
2001 5 4 0.08 0.06
2001 5 11 -0.14 -0.11
2001 5 18 0 0.17
2001 5 25 0.02 0.03
2001 6 1 -0.08 -0.03
2001 6 8 -0.06 -0.13
2001 6 15 -0.05 -0.08
2001 6 22 -0.13 -0.11
2001 6 29 0.14 0.15
2001 7 6 0.1 0.09
2001 7 13 -0.08 -0.11
2001 7 20 -0.02 -0.06
2001 7 27 -0.01 -0.05
2001 8 3 -0.03 -0.11
2001 8 10 -0.06 -0.04
2001 8 17 -0.06 -0.07
2001 8 24 0.01 -0.02
2001 8 31 -0.01 -0.07
2001 9 7 -0.01 0.04
2001 9 14 -0.48 -0.54
2001 9 21 -0.35 -0.17
2001 9 28 -0.11 -0.05
2001 10 5 -0.09 -0.08
2001 10 12 -0.01 0.08
2001 10 19 -0.02 -0.04
2001 10 26 -0.06 -0.03
2001 11 2 -0.2 -0.23
2001 11 9 -0.12 -0.11
2001 11 16 0.25 0.45
2001 11 23 0.11 0.25
2001 11 30 -0.12 -0.01
2001 12 7 -0.02 0.01
2001 12 14 -0.04 0.09
2001 12 21 0.06 0.08
2001 12 28 0.05 0.06
2002 1 4 -0.04 -0.05
2002 1 11 -0.11 -0.19
2002 1 18 -0.1 -0.12
2002 1 25 0.15 0.23
2002 2 1 0.07 0.04
2002 2 8 -0.06 -0.13
2002 2 15 0.05 0.04
2002 2 22 0 -0.05
2002 3 1 0.04 0.1
2002 3 8 0.13 0.28
2002 3 15 0.17 0.27
2002 3 22 0.08 0.16
2002 3 29 0.04 -0.01
2002 4 5 -0.06 -0.13
2002 4 12 -0.11 -0.13
2002 4 19 -0.11 -0.06
2002 4 26 -0.06 -0.11
2002 5 3 -0.03 -0.07
2002 5 10 -0.02 -0.05
2002 5 17 0.09 0.12
2002 5 24 -0.02 -0.07
2002 5 31 -0.03 -0.06
2002 6 7 -0.03 -0.08
2002 6 14 -0.08 -0.13
2002 6 21 -0.11 -0.16
2002 6 28 -0.03 -0.02
2002 7 5 -0.04 -0.05
2002 7 12 -0.06 -0.17
2002 7 19 -0.03 -0.09
2002 7 26 -0.09 -0.31
2002 8 2 -0.06 -0.06
2002 8 9 -0.15 -0.22
2002 8 16 0.09 0.05
2002 8 23 0.05 0.05
2002 8 30 -0.01 0
2002 9 6 -0.1 -0.2
2002 9 13 0.08 0.09
2002 9 20 -0.05 -0.13
2002 9 27 -0.05 -0.1
2002 10 4 -0.13 -0.15
2002 10 11 0.04 0.02
2002 10 18 0.18 0.34
2002 10 25 0.02 0.07
2002 11 1 -0.28 -0.36
2002 11 8 -0.05 0.07
2002 11 15 0 0
2002 11 22 0.05 0.18
2002 11 29 0.04 0.11
2002 12 6 -0.02 -0.06
2002 12 13 -0.06 -0.17
2002 12 20 -0.04 -0.04
2002 12 27 -0.02 -0.15
2003 1 3 -0.03 0.01
2003 1 10 0.03 0.15
2003 1 17 -0.03 -0.03
2003 1 24 -0.06 -0.11
2003 1 31 0 0.06
2003 2 7 0 -0.02
2003 2 14 -0.02 -0.08
2003 2 21 0 -0.02
2003 2 28 -0.03 -0.08
2003 3 7 -0.05 -0.12
2003 3 14 -0.06 0.01
2003 3 21 0.16 0.29
2003 3 28 -0.05 -0.06
2003 4 4 -0.08 -0.11
2003 4 11 0.06 0.08
2003 4 18 0.08 0.09
2003 4 25 -0.02 -0.04
2003 5 2 -0.06 -0.11
2003 5 9 -0.02 -0.13
2003 5 16 -0.03 -0.1
2003 5 23 -0.07 -0.11
2003 5 30 0 -0.05
2003 6 6 -0.05 -0.07
2003 6 13 -0.11 -0.14
2003 6 20 -0.02 0.13
2003 6 27 0.07 0.07
2003 7 4 0.05 0.08
2003 7 11 0.01 0.07
2003 7 18 0.02 0.16
2003 7 25 0.03 0.17
2003 8 1 0.09 0.2
2003 8 8 0.04 0.05
2003 8 15 0.03 0.09
2003 8 22 0.04 0.06
2003 8 29 0.02 0.08
2003 9 5 -0.02 -0.04
2003 9 12 -0.11 -0.26
2003 9 19 -0.01 -0.09
2003 9 26 0.01 -0.01
2003 10 3 -0.05 -0.13
2003 10 10 0.03 0.15
2003 10 17 0.09 0.19
2003 10 24 0.01 0
2003 10 31 0 -0.03
2003 11 7 0.05 0.16
2003 11 14 0.01 0.02
2003 11 21 -0.06 -0.16
2003 11 28 0.05 0.12
2003 12 5 0.02 0.11
2003 12 12 -0.06 -0.13
2003 12 19 -0.04 -0.07
2003 12 26 0.01 0
2004 1 2 0.01 0.02
2004 1 9 0 -0.04
2004 1 16 -0.1 -0.2
2004 1 23 0.01 0.03
2004 1 30 0.05 0.13
2004 2 6 0.03 0.01
2004 2 13 -0.04 -0.08
2004 2 20 -0.01 -0.03
2004 2 27 -0.01 -0.04
2004 3 5 0.01 -0.02
2004 3 12 -0.07 -0.22
2004 3 19 0.02 0
2004 3 26 -0.01 -0.01
2004 4 2 0.06 0.17
2004 4 9 0.09 0.27
2004 4 16 0.09 0.16
2004 4 23 0.09 0.14
2004 4 30 0.05 0.15
2004 5 7 0.08 0.14
2004 5 14 0.2 0.23
2004 5 21 0 -0.05
2004 5 28 -0.01 -0.03
2004 6 4 0.1 0.08
2004 6 11 0.15 0.08
2004 6 18 0.15 0.05
2004 6 25 -0.06 -0.08
2004 7 2 -0.02 -0.08
2004 7 9 -0.1 -0.18
2004 7 16 0.03 0.01
2004 7 23 0.05 0.06
2004 7 30 0.04 0.11
2004 8 6 -0.09 -0.16
2004 8 13 -0.08 -0.11
2004 8 20 -0.01 -0.06
2004 8 27 0.05 0.03
2004 9 3 0 -0.05
2004 9 10 0.07 0.05
2004 9 17 -0.01 -0.05
2004 9 24 0.05 0
2004 10 1 0.06 0.06
2004 10 8 0.04 0.08
2004 10 15 -0.06 -0.15
2004 10 22 0.04 0.01
2004 10 29 0.05 0.02
2004 11 5 0.08 0.08
2004 11 12 0.12 0.17
2004 11 19 0.06 0.04
2004 11 26 0.07 0.1
2004 12 3 0.02 0.05
2004 12 10 -0.02 -0.11
2004 12 17 0.06 0.02
2004 12 24 0.05 0.04
2004 12 31 0.06 0.05
2005 1 7 0.05 0.09
2005 1 14 0.03 0.03
2005 1 21 0.02 0
2005 1 28 0.02 0.02
2005 2 4 0.06 0.05
2005 2 11 0.01 -0.02
2005 2 18 0.09 0.11
2005 2 25 0.08 0.1
2005 3 4 0.07 0.1
2005 3 11 0.04 0.1
2005 3 18 0.07 0.08
2005 3 25 0.07 0.1
2005 4 1 0 -0.02
2005 4 8 -0.05 -0.11
2005 4 15 -0.01 -0.09
2005 4 22 -0.04 -0.11
2005 4 29 0.05 0.03
2005 5 6 0 -0.01
2005 5 13 0.02 0.05
2005 5 20 -0.03 -0.05
2005 5 27 0 -0.01
2005 6 3 -0.04 -0.11
2005 6 10 0.02 0.07
2005 6 17 0.09 0.1
2005 6 24 0.01 -0.08
2005 7 1 0.06 0
2005 7 8 0.06 0.11
2005 7 15 0.07 0.09
2005 7 22 0.09 0.07
2005 7 29 0.09 0.06
2005 8 5 0.07 0.08
2005 8 12 0.06 0.06
2005 8 19 -0.01 -0.09
2005 8 26 -0.01 -0.03
2005 9 2 -0.11 -0.14
2005 9 9 -0.01 -0.02
2005 9 16 0.06 0.05
2005 9 23 0.06 0.05
2005 9 30 0.09 0.13
2005 10 7 0.11 0.1
2005 10 14 0.06 0.06
2005 10 21 0.05 0.01
2005 10 28 0.07 0.09
2005 11 4 0.06 0.09
2005 11 11 0.03 0.04
2005 11 18 0.01 -0.05
2005 11 25 -0.06 -0.1
2005 12 2 0.04 0.05
2005 12 9 0.01 0.02
2005 12 16 -0.01 -0.03
2005 12 23 0.03 0
2005 12 30 -0.01 -0.05
2006 1 6 0.01 -0.04
2006 1 13 0.04 0.04
2006 1 20 0.02 -0.04
2006 1 27 0.07 0.09
2006 2 3 0.1 0.13
2006 2 10 0.07 0.09
2006 2 17 0.03 0.06
2006 2 24 0.02 0.02
2006 3 3 0.02 0.02
2006 3 10 0.03 0.07
2006 3 17 -0.01 -0.08
2006 3 24 0.01 -0.01
2006 3 31 0.05 0.1
2006 4 7 0.03 0.05
2006 4 14 0.06 0.06
2006 4 21 -0.01 -0.02
2006 4 28 0.04 0.04
2006 5 5 0.04 0.04
2006 5 12 0.03 0.04
2006 5 19 -0.03 -0.03
2006 5 26 0.01 -0.02
2006 6 2 0.04 0.04
2006 6 9 0.01 -0.02
2006 6 16 0.09 0.07
2006 6 23 0.11 0.14
2006 6 30 0.03 0.03
2006 7 7 0 -0.05
2006 7 14 -0.03 -0.06
2006 7 21 -0.02 -0.04
2006 7 28 -0.05 -0.05
2006 8 4 -0.07 -0.11
2006 8 11 -0.01 -0.01
2006 8 18 0.01 -0.01
2006 8 25 -0.03 -0.08
2006 9 1 -0.04 -0.05
2006 9 8 -0.01 0
2006 9 15 0 0.01
2006 9 22 -0.05 -0.07
2006 9 29 -0.07 -0.1
2006 10 6 0 0
2006 10 13 0.13 0.19
2006 10 20 0.02 0
2006 10 27 0.02 0
2006 11 3 -0.07 -0.14
2006 11 10 0.03 0.03
2006 11 17 0 0.01
2006 11 24 -0.02 -0.04
2006 12 1 -0.06 -0.1
2006 12 8 -0.05 -0.06
2006 12 15 0.05 0.1
2006 12 22 0.01 0.03
2006 12 29 0.03 0.09
2007 1 5 -0.01 -0.02
2007 1 12 0.05 0.06
2007 1 19 0.05 0.07
2007 1 26 0.02 0.06
2007 2 2 0 0.02
2007 2 9 -0.03 -0.09
2007 2 16 0 -0.02
2007 2 23 -0.02 -0.05
2007 3 2 -0.09 -0.18
2007 3 9 -0.04 -0.04
2007 3 16 0.01 -0.01
2007 3 23 0 0.01
2007 3 30 -0.03 0
2007 4 6 0.04 0.07
2007 4 13 0.03 0.09
2007 4 20 -0.04 -0.07
2007 4 27 -0.03 -0.03
2007 5 4 0 0.01
2007 5 11 -0.01 0.02
2007 5 18 -0.03 0.09
2007 5 25 0.09 0.09
2007 6 1 0.01 0.1
2007 6 8 0.02 0.1
2007 6 15 0 0.11
2007 6 22 -0.03 -0.09
2007 6 29 -0.01 -0.07
2007 7 6 0.05 0.02
2007 7 13 0.01 -0.01
2007 7 20 -0.01 -0.07
2007 7 27 -0.08 -0.19
2007 8 3 -0.08 -0.15
2007 8 10 -0.05 0
2007 8 17 -0.34 -0.21
2007 8 24 -0.28 -0.11
2007 8 31 0.14 -0.03
2007 9 7 -0.03 -0.12
2007 9 14 -0.12 -0.05
2007 9 21 -0.04 0.1
2007 9 28 -0.06 -0.04
2007 10 5 0.07 0
2007 10 12 0.12 0.15
2007 10 19 -0.1 -0.16
2007 10 26 -0.17 -0.24
2007 11 2 -0.04 0
2007 11 9 -0.21 -0.23
2007 11 16 -0.14 -0.16
2007 11 23 -0.28 -0.32
2007 11 30 -0.05 -0.03
2007 12 7 -0.08 -0.09
2007 12 14 0.03 0.18
2007 12 21 0.08 0
2007 12 28 0.14 0.06
2008 1 4 -0.24 -0.34
2008 1 11 -0.14 -0.18
2008 1 18 -0.21 -0.2
2008 1 25 -0.52 -0.3
2008 2 1 -0.08 0.1
2008 2 8 -0.15 -0.16
2008 2 15 -0.04 -0.02
2008 2 22 0.06 0.17
2008 2 29 -0.12 -0.11
2008 3 7 -0.32 -0.36
2008 3 14 -0.14 -0.05
2008 3 21 -0.17 -0.12
2008 3 28 0.25 0.23
2008 4 4 0.03 0.08
2008 4 11 0 0.04
2008 4 18 0.04 0.17
2008 4 25 0.21 0.32
2008 5 2 0.05 0.06
2008 5 9 0.01 -0.01
2008 5 16 0.13 0.14
2008 5 23 0.02 0.01
2008 5 30 0.1 0.21
2008 6 6 -0.05 -0.13
2008 6 13 0.37 0.44
2008 6 20 0.06 0.02
2008 6 27 -0.11 -0.16
2008 7 4 -0.11 -0.2
2008 7 11 -0.1 -0.11
2008 7 18 -0.04 0.05
2008 7 25 0.12 0.19
2008 8 1 -0.03 -0.13
2008 8 8 -0.07 -0.08
2008 8 15 -0.05 -0.05
2008 8 22 -0.06 -0.13
2008 8 29 0.05 -0.01
2008 9 5 -0.09 -0.15
2008 9 12 -0.03 -0.03
2008 9 19 -0.36 -0.33
2008 9 26 0.26 0.27
2008 10 3 -0.36 -0.34
2008 10 10 -0.35 -0.22
2008 10 17 0.01 0.13
2008 10 24 0.41 -0.1
2008 10 31 -0.22 -0.02
2008 11 7 -0.2 -0.17
2008 11 14 -0.12 -0.02
2008 11 21 -0.16 -0.25
2008 11 28 -0.03 0.02
2008 12 5 -0.24 -0.29
2008 12 12 -0.19 0.05
2008 12 19 -0.05 -0.2
2008 12 26 -0.05 0.16
2009 1 2 -0.03 -0.11
2009 1 9 0.07 0.11
2009 1 16 -0.01 -0.07
2009 1 23 0 0.06
2009 1 30 0.06 0.14
2009 2 6 0.05 0.13
2009 2 13 0.06 -0.02
2009 2 20 0.04 -0.05
2009 2 27 0.08 0.11
2009 3 6 -0.04 -0.09
2009 3 13 0.02 0.08
2009 3 20 -0.06 -0.13
2009 3 27 -0.05 0
2009 4 3 -0.01 -0.06
2009 4 10 0.02 0.13
