 -0.010
  0.160
  0.060
  0.120
 -0.030
  0.130
  0.040
  0.140
  0.130
  0.070
  0.140
 -0.060
 -0.140
 -0.070
  0.130
 -0.050
  0.060
  0.180
  0.060
  0.050
 -0.040
  0.240
  0.090
  0.040
 -0.100
 -0.230
 -0.040
  0.020
  0.080
 -0.140
 -0.040
 -0.010
 -0.010
 -0.040
  0.230
  0.160
  0.170
  0.040
  0.030
  0.160
 -0.050
  0.080
  0.100
 -0.030
 -0.130
 -0.030
  0.030
  0.100
  0.120
  0.060
  0.010
  0.000
  0.180
  0.210
 -0.080
 -0.270
  0.060
 -0.180
 -0.090
 -0.080
 -0.100
 -0.180
 -0.080
 -0.110
 -0.380
  0.050
  0.070
 -0.250
 -0.260
 -0.140
  0.090
 -0.120
 -0.110
  0.350
  0.220
  0.100
  0.040
 -0.080
 -0.180
  0.080
  0.230
 -0.100
 -0.320
 -0.060
 -0.080
  0.060
 -0.030
 -0.150
 -0.050
  0.070
  0.010
 -0.030
 -0.020
  0.180
  0.030
  0.020
  0.240
  0.090
  0.100
  0.000
 -0.080
  0.190
 -0.050
  0.160
  0.100
 -0.070
  0.000
 -0.010
 -0.010
  0.190
  0.220
 -0.010
 -0.280
 -0.130
 -0.020
 -0.080
 -0.120
 -0.020
  0.080
 -0.020
 -0.090
  0.060
 -0.160
 -0.020
 -0.200
  0.140
  0.000
  0.230
 -0.050
 -0.090
  0.000
  0.010
  0.080
 -0.260
  0.110
 -0.080
 -0.110
 -0.040
 -0.140
 -0.110
 -0.010
 -0.010
 -0.110
 -0.170
  0.020
  0.070
 -0.150
  0.070
  0.020
 -0.080
 -0.060
 -0.280
 -0.030
  0.140
  0.150
  0.090
 -0.100
  0.160
 -0.060
 -0.110
 -0.010
 -0.030
  0.040
 -0.090
 -0.030
  0.000
 -0.010
 -0.050
  0.220
  0.150
 -0.030
  0.010
  0.000
  0.020
 -0.060
 -0.030
 -0.140
 -0.290
 -0.150
 -0.110
  0.040
 -0.040
 -0.100
 -0.080
 -0.100
 -0.120
 -0.030
 -0.020
  0.090
 -0.180
 -0.130
 -0.040
 -0.110
 -0.030
 -0.180
 -0.170
 -0.080
 -0.210
 -0.030
 -0.020
  0.330
  0.020
  0.180
 -0.040
  0.000
  0.210
  0.040
  0.140
  0.140
  0.190
 -0.070
 -0.170
 -0.280
 -0.040
  0.250
  0.000
 -0.100
 -0.170
 -0.020
  0.100
 -0.060
 -0.100
 -0.120
 -0.060
 -0.160
 -0.340
 -0.120
 -0.070
  0.030
  0.010
 -0.150
 -0.100
  0.200
 -0.210
 -0.230
  0.050
  0.040
 -0.180
  0.080
  0.220
  0.330
  0.040
  0.100
  0.060
  0.080
  0.070
  0.110
 -0.160
  0.060
 -0.110
 -0.010
 -0.070
 -0.080
 -0.070
 -0.130
 -0.080
  0.010
 -0.200
 -0.130
 -0.100
  0.190
 -0.010
 -0.070
  0.040
 -0.050
 -0.120
 -0.030
  0.070
 -0.060
  0.060
  0.180
  0.120
 -0.020
  0.070
 -0.150
  0.000
 -0.130
 -0.010
 -0.020
  0.150
  0.050
 -0.010
 -0.090
 -0.100
 -0.120
 -0.060
 -0.070
  0.100
  0.030
 -0.050
 -0.020
 -0.060
  0.080
  0.110
  0.190
  0.010
  0.010
  0.070
 -0.020
 -0.030
  0.060
 -0.030
 -0.010
  0.060
 -0.160
  0.020
 -0.010
  0.130
  0.240
  0.040
  0.180
  0.160
  0.130
  0.050
  0.080
  0.170
  0.300
 -0.010
  0.180
 -0.010
  0.220
  0.240
 -0.340
  0.100
 -0.010
 -0.160
  0.080
  0.110
  0.140
  0.040
  0.030
 -0.140
  0.090
 -0.120
  0.220
 -0.050
 -0.010
 -0.070
  0.100
  0.100
  0.130
  0.090
  0.150
 -0.070
  0.060
  0.150
  0.080
  0.140
  0.070
  0.050
  0.120
  0.020
  0.090
  0.010
  0.050
  0.020
 -0.080
 -0.080
 -0.050
 -0.190
 -0.020
 -0.110
 -0.210
 -0.120
  0.090
 -0.230
  0.020
  0.010
 -0.040
 -0.080
 -0.140
  0.060
 -0.100
 -0.270
 -0.020
 -0.110
 -0.310
  0.000
  0.000
 -0.100
  0.100
 -0.090
 -0.040
  0.270
  0.100
 -0.010
  0.010
  0.140
 -0.060
 -0.190
 -0.080
 -0.040
  0.030
  0.100
 -0.130
 -0.050
 -0.050
  0.010
 -0.110
 -0.020
 -0.040
 -0.020
 -0.090
 -0.090
  0.040
  0.010
 -0.140
 -0.030
  0.030
 -0.160
  0.050
 -0.080
 -0.070
 -0.090
  0.340
  0.160
  0.080
  0.380
  0.010
 -0.020
  0.080
  0.260
 -0.120
 -0.010
  0.140
  0.090
 -0.120
 -0.010
  0.140
  0.100
  0.120
 -0.060
 -0.060
 -0.010
  0.100
 -0.130
  0.040
 -0.100
 -0.220
  0.010
  0.050
  0.230
  0.140
 -0.100
 -0.050
 -0.110
 -0.130
 -0.060
 -0.020
  0.010
 -0.120
 -0.080
 -0.080
 -0.020
 -0.040
  0.020
  0.120
  0.090
 -0.010
  0.090
  0.090
  0.000
  0.020
  0.000
 -0.140
 -0.040
 -0.030
  0.190
  0.120
  0.030
  0.120
  0.100
  0.060
  0.040
  0.010
  0.010
 -0.160
 -0.040
 -0.040
  0.010
  0.030
 -0.120
 -0.050
 -0.110
  0.040
 -0.030
 -0.140
 -0.010
 -0.050
 -0.070
  0.160
  0.020
 -0.070
  0.100
 -0.030
  0.000
 -0.170
 -0.020
 -0.050
 -0.020
  0.090
  0.020
 -0.200
  0.040
 -0.010
 -0.030
  0.040
  0.020
 -0.010
 -0.090
  0.020
 -0.010
 -0.330
 -0.090
  0.080
  0.070
 -0.050
  0.030
 -0.030
  0.170
  0.070
 -0.090
 -0.030
  0.090
 -0.020
 -0.070
  0.060
  0.050
  0.080
 -0.070
  0.020
 -0.040
 -0.040
 -0.010
 -0.030
 -0.030
  0.030
 -0.030
 -0.050
  0.040
 -0.010
  0.010
 -0.090
 -0.080
 -0.020
 -0.240
 -0.210
 -0.170
 -0.020
 -0.140
 -0.250
 -0.080
  0.040
 -0.070
  0.050
  0.300
  0.070
  0.030
  0.040
 -0.220
  0.010
 -0.020
  0.230
 -0.040
  0.030
 -0.020
  0.010
 -0.040
  0.170
  0.080
  0.120
  0.140
  0.160
 -0.150
 -0.070
  0.040
 -0.010
 -0.100
  0.050
  0.050
  0.040
  0.110
  0.060
  0.150
  0.010
  0.200
  0.070
 -0.030
  0.100
 -0.090
  0.020
 -0.130
 -0.020
  0.100
  0.080
  0.140
 -0.120
 -0.060
  0.110
 -0.020
