year mon day value
1970 01 02   8.02
1970 01 09   7.91
1970 01 16   7.83
1970 01 23   7.83
1970 01 30   7.89
1970 02 06   7.61
1970 02 13   7.20
1970 02 20   6.79
1970 02 27   6.88
1970 03 06   6.89
1970 03 13   6.76
1970 03 20   6.71
1970 03 27   6.16
1970 04 03   6.35
1970 04 10   6.40
1970 04 17   6.37
1970 04 24   6.59
1970 05 01   6.86
1970 05 08   6.82
1970 05 15   6.80
1970 05 22   6.73
1970 05 29   7.00
1970 06 05   6.82
1970 06 12   6.76
1970 06 19   6.71
1970 06 26   6.51
1970 07 03   6.46
1970 07 10   6.62
1970 07 17   6.46
1970 07 24   6.34
1970 07 31   6.37
1970 08 07   6.46
1970 08 14   6.53
1970 08 21   6.42
1970 08 28   6.25
1970 09 04   6.37
1970 09 11   6.40
1970 09 18   6.22
1970 09 25   5.80
1970 10 02   5.84
1970 10 09   6.03
1970 10 16   5.95
1970 10 23   5.83
1970 10 30   5.84
1970 11 06   5.56
1970 11 13   5.48
1970 11 20   5.19
1970 11 27   4.99
1970 12 04   4.97
1970 12 11   4.92
1970 12 18   4.77
1970 12 25   4.83
1971 01 01   4.88
1971 01 08   4.84
1971 01 15   4.51
1971 01 22   4.20
1971 01 29   4.20
1971 02 05   4.06
1971 02 12   3.70
1971 02 19   3.56
1971 02 26   3.43
1971 03 05   3.35
1971 03 12   3.28
1971 03 19   3.39
1971 03 26   3.37
1971 04 02   3.61
1971 04 09   3.79
1971 04 16   3.96
1971 04 23   3.81
1971 04 30   3.95
1971 05 07   3.85
1971 05 14   3.96
1971 05 21   4.37
1971 05 28   4.39
1971 06 04   4.30
1971 06 11   4.59
1971 06 18   4.95
1971 06 25   4.87
1971 07 02   5.19
1971 07 09   5.42
1971 07 16   5.38
1971 07 23   5.46
1971 07 30   5.40
1971 08 06   5.29
1971 08 13   5.25
1971 08 20   4.71
1971 08 27   4.68
1971 09 03   4.49
1971 09 10   4.63
1971 09 17   4.80
1971 09 24   4.75
1971 10 01   4.64
1971 10 08   4.53
1971 10 15   4.44
1971 10 22   4.47
1971 10 29   4.36
1971 11 05   4.18
1971 11 12   4.18
1971 11 19   4.14
1971 11 26   4.34
1971 12 03   4.28
1971 12 10   4.11
1971 12 17   4.04
1971 12 24   4.02
1971 12 31   3.73
1972 01 07   3.60
1972 01 14   3.17
1972 01 21   3.32
1972 01 28   3.46
1972 02 04   3.36
1972 02 11   3.10
1972 02 18   3.05
1972 02 25   3.23
1972 03 03   3.45
1972 03 10   3.57
1972 03 17   3.87
1972 03 24   3.82
1972 03 31   3.83
1972 04 07   3.81
1972 04 14   3.82
1972 04 21   3.64
1972 04 28   3.55
1972 05 05   3.57
1972 05 12   3.59
1972 05 19   3.76
1972 05 26   3.80
1972 06 02   3.83
1972 06 09   3.86
1972 06 16   3.87
1972 06 23   3.97
1972 06 30   3.97
1972 07 07   4.07
1972 07 14   4.05
1972 07 21   3.93
1972 07 28   3.94
1972 08 04   3.79
1972 08 11   3.86
1972 08 18   3.90
1972 08 25   4.13
1972 09 01   4.47
1972 09 08   4.71
1972 09 15   4.71
1972 09 22   4.66
1972 09 29   4.60
1972 10 06   4.66
1972 10 13   4.79
1972 10 20   4.78
1972 10 27   4.73
1972 11 03   4.74
1972 11 10   4.71
1972 11 17   4.76
1972 11 24   4.82
1972 12 01   4.88
1972 12 08   5.00
1972 12 15   5.05
1972 12 22   5.15
1972 12 29   5.13
1973 01 05   5.16
1973 01 12   5.19
1973 01 19   5.40
1973 01 26   5.67
1973 02 02   5.70
1973 02 09   5.56
1973 02 16   5.43
1973 02 23   5.58
1973 03 02   5.81
1973 03 09   5.85
1973 03 16   6.05
1973 03 23   6.31
1973 03 30   6.29
1973 04 06   6.45
1973 04 13   6.20
1973 04 20   6.16
1973 04 27   6.23
1973 05 04   6.24
1973 05 11   6.07
1973 05 18   6.22
1973 05 25   6.56
1973 06 01   6.91
1973 06 08   7.07
1973 06 15   7.15
1973 06 22   7.25
1973 06 29   7.32
1973 07 06   7.94
1973 07 13   7.78
1973 07 20   8.03
1973 07 27   8.17
1973 08 03   8.30
1973 08 10   8.70
1973 08 17   8.88
1973 08 24   8.71
1973 08 31   8.62
1973 09 07   8.80
1973 09 14   8.94
1973 09 21   8.38
1973 09 28   7.13
1973 10 05   7.42
1973 10 12   7.14
1973 10 19   7.16
1973 10 26   7.07
1973 11 02   7.38
1973 11 09   8.12
1973 11 16   8.11
1973 11 23   7.72
1973 11 30   7.52
1973 12 07   7.47
1973 12 14   7.51
1973 12 21   7.35
1973 12 28   7.50
1974 01 04   7.49
1974 01 11   7.72
1974 01 18   7.89
1974 01 25   7.99
1974 02 01   7.55
1974 02 08   7.03
1974 02 15   7.06
1974 02 22   7.07
1974 03 01   7.36
1974 03 08   7.71
1974 03 15   7.82
1974 03 22   8.06
1974 03 29   8.35
1974 04 05   8.51
1974 04 12   8.49
1974 04 19   8.05
1974 04 26   8.10
1974 05 03   8.81
1974 05 10   8.60
1974 05 17   8.00
1974 05 24   7.90
1974 05 31   8.04
1974 06 07   8.05
1974 06 14   8.23
1974 06 21   7.88
1974 06 28   7.45
1974 07 05   7.53
1974 07 12   7.45
1974 07 19   7.72
1974 07 26   7.43
1974 08 02   7.84
1974 08 09   8.75
1974 08 16   8.75
1974 08 23   9.29
1974 08 30   9.37
1974 09 06   9.34
1974 09 13   9.10
1974 09 20   7.64
1974 09 27   6.81
1974 10 04   6.64
1974 10 11   7.24
1974 10 18   7.73
1974 10 25   7.60
1974 11 01   7.95
1974 11 08   7.66
1974 11 15   7.26
1974 11 22   7.46
1974 11 29   7.45
1974 12 06   7.44
1974 12 13   7.24
1974 12 20   6.92
1974 12 27   7.01
1975 01 03   6.96
1975 01 10   6.59
1975 01 17   6.54
1975 01 24   5.98
1975 01 31   5.68
1975 02 07   5.61
1975 02 14   5.65
1975 02 21   5.25
1975 02 28   5.47
1975 03 07   5.57
1975 03 14   5.46
1975 03 21   5.41
1975 03 28   5.53
1975 04 04   5.62
1975 04 11   5.74
1975 04 18   5.44
1975 04 25   5.66
1975 05 02   5.51
1975 05 09   5.41
1975 05 16   5.04
1975 05 23   5.16
1975 05 30   5.23
1975 06 06   5.23
1975 06 13   5.00
1975 06 20   5.24
1975 06 27   5.80
1975 07 04   5.98
1975 07 11   6.06
1975 07 18   6.05
1975 07 25   6.27
1975 08 01   6.28
1975 08 08   6.42
1975 08 15   6.42
1975 08 22   6.46
1975 08 29   6.49
1975 09 05   6.38
1975 09 12   6.43
1975 09 19   6.45
1975 09 26   6.38
1975 10 03   6.46
1975 10 10   6.23
1975 10 17   6.01
1975 10 24   5.73
1975 10 31   5.58
1975 11 07   5.50
1975 11 14   5.37
1975 11 21   5.49
1975 11 28   5.54
1975 12 05   5.57
1975 12 12   5.60
1975 12 19   5.44
1975 12 26   5.28
1976 01 02   5.19
1976 01 09   5.07
1976 01 16   4.84
1976 01 23   4.78
1976 01 30   4.72
1976 02 06   4.90
1976 02 13   4.85
1976 02 20   4.87
1976 02 27   4.90
1976 03 05   5.20
1976 03 12   4.99
1976 03 19   4.98
1976 03 26   4.87
1976 04 02   4.97
1976 04 09   4.91
1976 04 16   4.80
1976 04 23   4.78
1976 04 30   4.88
1976 05 07   4.91
1976 05 14   5.11
1976 05 21   5.33
1976 05 28   5.47
1976 06 04   5.53
1976 06 11   5.44
1976 06 18   5.38
1976 06 25   5.34
1976 07 02   5.36
1976 07 09   5.34
1976 07 16   5.15
1976 07 23   5.23
1976 07 30   5.17
1976 08 06   5.16
1976 08 13   5.17
1976 08 20   5.15
1976 08 27   5.11
1976 09 03   5.09
1976 09 10   5.11
1976 09 17   5.10
1976 09 24   5.05
1976 10 01   5.06
1976 10 08   5.04
1976 10 15   4.86
1976 10 22   4.84
1976 10 29   4.90
1976 11 05   4.83
1976 11 12   4.92
1976 11 19   4.80
1976 11 26   4.60
1976 12 03   4.42
1976 12 10   4.41
1976 12 17   4.33
1976 12 24   4.27
1976 12 31   4.34
1977 01 07   4.49
1977 01 14   4.58
1977 01 21   4.65
1977 01 28   4.72
1977 02 04   4.71
1977 02 11   4.62
1977 02 18   4.63
1977 02 25   4.71
1977 03 04   4.66
1977 03 11   4.63
1977 03 18   4.59
1977 03 25   4.57
1977 04 01   4.57
1977 04 08   4.58
1977 04 15   4.55
1977 04 22   4.51
1977 04 29   4.51
1977 05 06   4.75
1977 05 13   4.96
1977 05 20   5.05
1977 05 27   5.06
1977 06 03   5.03
1977 06 10   5.06
1977 06 17   5.01
1977 06 24   5.01
1977 07 01   4.97
1977 07 08   5.12
1977 07 15   5.16
1977 07 22   5.21
1977 07 29   5.27
1977 08 05   5.35
1977 08 12   5.47
1977 08 19   5.56
1977 08 26   5.53
1977 09 02   5.56
1977 09 09   5.65
1977 09 16   5.86
1977 09 23   5.90
1977 09 30   5.89
1977 10 07   6.09
1977 10 14   6.32
1977 10 21   6.17
1977 10 28   6.09
1977 11 04   6.20
1977 11 11   6.15
1977 11 18   6.07
1977 11 25   6.06
1977 12 02   6.04
1977 12 09   6.07
1977 12 16   6.03
1977 12 23   6.03
1977 12 30   6.16
1978 01 06   6.20
1978 01 13   6.60
1978 01 20   6.48
1978 01 27   6.44
1978 02 03   6.42
1978 02 10   6.44
1978 02 17   6.48
1978 02 24   6.45
1978 03 03   6.39
1978 03 10   6.29
1978 03 17   6.27
1978 03 24   6.21
1978 03 31   6.34
1978 04 07   6.37
1978 04 14   6.29
1978 04 21   6.22
1978 04 28   6.26
1978 05 05   6.38
1978 05 12   6.37
1978 05 19   6.32
1978 05 26   6.51
1978 06 02   6.62
1978 06 09   6.62
1978 06 16   6.65
1978 06 23   6.79
1978 06 30   6.93
1978 07 07   7.05
1978 07 14   7.16
1978 07 21   7.05
1978 07 28   6.83
1978 08 04   6.80
1978 08 11   6.79
1978 08 18   7.12
1978 08 25   7.25
1978 09 01   7.50
1978 09 08   7.60
1978 09 15   7.77
1978 09 22   8.02
1978 09 29   7.96
1978 10 06   8.14
1978 10 13   7.98
1978 10 20   7.89
1978 10 27   7.70
1978 11 03   8.73
1978 11 10   8.79
1978 11 17   8.14
1978 11 24   8.63
1978 12 01   8.98
1978 12 08   8.93
1978 12 15   8.93
1978 12 22   9.28
1978 12 29   9.25
1979 01 05   9.34
1979 01 12   9.30
1979 01 19   9.44
1979 01 26   9.34
1979 02 02   9.28
1979 02 09   9.24
1979 02 16   9.28
1979 02 23   9.41
1979 03 02   9.44
1979 03 09   9.44
1979 03 16   9.51
1979 03 23   9.54
1979 03 30   9.46
1979 04 06   9.53
1979 04 13   9.70
1979 04 20   9.41
1979 04 27   9.23
1979 05 04   9.58
1979 05 11   9.63
1979 05 18   9.60
1979 05 25   9.64
1979 06 01   9.55
1979 06 08   9.36
1979 06 15   8.97
1979 06 22   8.96
1979 06 29   8.83
1979 07 06   9.10
1979 07 13   9.28
1979 07 20   9.31
1979 07 27   9.28
1979 08 03   9.23
1979 08 10   9.40
1979 08 17   9.52
1979 08 24   9.55
1979 08 31   9.74
1979 09 07  10.20
1979 09 14  10.45
1979 09 21  10.26
1979 09 28  10.14
1979 10 05  10.43
1979 10 12  11.62
1979 10 19  11.91
1979 10 26  12.60
1979 11 02  12.07
1979 11 09  12.25
1979 11 16  11.90
1979 11 23  11.77
1979 11 30  11.26
1979 12 07  11.75
1979 12 14  12.34
1979 12 21  12.06
1979 12 28  11.99
1980 01 04  12.10
1980 01 11  11.72
1980 01 18  11.91
1980 01 25  12.17
1980 02 01  12.15
1980 02 08  12.05
1980 02 15  12.36
1980 02 22  13.38
1980 02 29  13.78
1980 03 07  15.37
1980 03 14  15.32
1980 03 21  14.76
1980 03 28  15.55
1980 04 04  14.78
1980 04 11  14.30
1980 04 18  13.57
1980 04 25  12.18
1980 05 02  10.47
1980 05 09   9.14
1980 05 16   8.53
1980 05 23   8.15
1980 05 30   7.70
1980 06 06   7.51
1980 06 13   6.44
1980 06 20   6.76
1980 06 27   7.42
1980 07 04   7.92
1980 07 11   8.08
1980 07 18   7.98
1980 07 25   7.93
1980 08 01   8.44
1980 08 08   8.58
1980 08 15   8.60
1980 08 22   9.41
1980 08 29  10.01
1980 09 05   9.78
1980 09 12  10.09
1980 09 19  10.26
1980 09 26  10.45
1980 10 03  11.39
1980 10 10  11.24
1980 10 17  11.07
1980 10 24  11.66
1980 10 31  12.51
1980 11 07  13.28
1980 11 14  13.29
1980 11 21  13.98
1980 11 28  14.31
1980 12 05  14.98
1980 12 12  16.76
1980 12 19  16.21
1980 12 26  14.62
1981 01 02  14.31
1981 01 09  14.31
1981 01 16  15.19
1981 01 23  15.65
1981 01 30  15.01
1981 02 06  14.90
1981 02 13  15.51
1981 02 20  14.68
1981 02 27  14.19
1981 03 06  14.44
1981 03 13  13.79
1981 03 20  12.63
1981 03 27  12.91
1981 04 03  12.60
1981 04 10  13.67
1981 04 17  13.66
1981 04 24  13.74
1981 05 01  14.52
1981 05 08  16.44
1981 05 15  16.75
1981 05 22  16.61
1981 05 29  15.61
1981 06 05  15.69
1981 06 12  14.79
1981 06 19  14.31
1981 06 26  14.39
1981 07 03  14.34
1981 07 10  14.82
1981 07 17  14.56
1981 07 24  15.50
1981 07 31  15.07
1981 08 07  15.43
1981 08 14  15.25
1981 08 21  15.63
1981 08 28  15.71
1981 09 04  15.59
1981 09 11  15.14
1981 09 18  14.35
1981 09 25  14.29
1981 10 02  14.37
1981 10 09  13.81
1981 10 16  13.41
1981 10 23  13.37
1981 10 30  13.14
1981 11 06  12.21
1981 11 13  10.93
1981 11 20  10.31
1981 11 27  10.23
1981 12 04  10.39
1981 12 11  10.47
1981 12 18  10.94
1981 12 25  11.14
1982 01 01  11.35
1982 01 08  11.59
1982 01 15  12.07
1982 01 22  12.66
1982 01 29  12.79
1982 02 05  13.68
1982 02 12  14.12
1982 02 19  14.06
1982 02 26  12.31
1982 03 05  12.26
1982 03 12  12.47
1982 03 19  12.85
1982 03 26  12.72
1982 04 02  13.32
1982 04 09  13.10
1982 04 16  12.77
1982 04 23  12.39
1982 04 30  12.42
1982 05 07  12.54
1982 05 14  12.38
1982 05 21  11.90
1982 05 28  11.54
1982 06 04  12.09
1982 06 11  12.06
1982 06 18  12.46
1982 06 25  12.88
1982 07 02  12.81
1982 07 09  12.23
1982 07 16  11.71
1982 07 23  10.64
1982 07 30  10.51
1982 08 06   9.80
1982 08 13   9.70
1982 08 20   7.88
1982 08 27   7.50
1982 09 03   8.31
1982 09 10   8.34
1982 09 17   8.03
1982 09 24   7.53
1982 10 01   7.52
1982 10 08   7.93
1982 10 15   7.48
1982 10 22   7.54
1982 10 29   7.93
1982 11 05   7.78
1982 11 12   8.07
1982 11 19   8.31
1982 11 26   7.94
1982 12 03   8.14
1982 12 10   7.96
1982 12 17   7.80
1982 12 24   7.91
1982 12 31   8.01
1983 01 07   7.92
1983 01 14   7.66
1983 01 21   7.75
1983 01 28   8.05
1983 02 04   8.16
1983 02 11   8.22
1983 02 18   8.16
1983 02 25   7.91
1983 03 04   7.97
1983 03 11   8.25
1983 03 18   8.31
1983 03 25   8.55
1983 04 01   8.64
1983 04 08   8.45
1983 04 15   8.16
1983 04 22   8.12
1983 04 29   8.11
1983 05 06   8.03
1983 05 13   8.03
1983 05 20   8.14
1983 05 27   8.48
1983 06 03   8.57
1983 06 10   8.76
1983 06 17   8.70
1983 06 24   8.97
1983 07 01   8.88
1983 07 08   9.07
1983 07 15   9.10
1983 07 22   9.10
1983 07 29   9.13
1983 08 05   9.41
1983 08 12   9.52
1983 08 19   9.35
1983 08 26   9.15
1983 09 02   9.26
1983 09 09   9.13
1983 09 16   9.08
1983 09 23   8.94
1983 09 30   8.75
1983 10 07   8.62
1983 10 14   8.79
1983 10 21   8.53
1983 10 28   8.66
1983 11 04   8.58
1983 11 11   8.77
1983 11 18   8.81
1983 11 25   8.79
1983 12 02   8.88
1983 12 09   8.97
1983 12 16   9.09
1983 12 23   9.00
1983 12 30   8.96
1984 01 06   8.95
1984 01 13   8.88
1984 01 20   8.88
1984 01 27   8.93
1984 02 03   8.91
1984 02 10   9.06
1984 02 17   9.09
1984 02 24   9.18
1984 03 02   9.18
1984 03 09   9.29
1984 03 16   9.43
1984 03 23   9.76
1984 03 30   9.72
1984 04 06   9.74
1984 04 13   9.65
1984 04 20   9.76
1984 04 27   9.64
1984 05 04   9.73
1984 05 11   9.97
1984 05 18   9.88
1984 05 25   9.79
1984 06 01   9.76
1984 06 08   9.81
1984 06 15   9.95
1984 06 22   9.91
1984 06 29   9.81
1984 07 06   9.92
1984 07 13  10.04
1984 07 20  10.11
1984 07 27  10.25
1984 08 03  10.42
1984 08 10  10.48
1984 08 17  10.31
1984 08 24  10.44
1984 08 31  10.65
1984 09 07  10.61
1984 09 14  10.38
1984 09 21  10.29
1984 09 28  10.24
1984 10 05  10.19
1984 10 12  10.01
1984 10 19   9.81
1984 10 26   9.33
1984 11 02   9.10
1984 11 09   8.65
1984 11 16   8.68
1984 11 23   8.55
1984 11 30   8.41
1984 12 07   8.44
1984 12 14   8.27
1984 12 21   7.81
1984 12 28   7.67
1985 01 04   7.83
1985 01 11   7.75
1985 01 18   7.73
1985 01 25   7.65
1985 02 01   7.92
1985 02 08   8.17
1985 02 15   8.21
1985 02 22   8.31
1985 03 01   8.47
1985 03 08   8.69
1985 03 15   8.55
1985 03 22   8.51
1985 03 29   8.29
1985 04 05   8.17
1985 04 12   8.08
1985 04 19   7.86
1985 04 26   7.77
1985 05 03   7.78
1985 05 10   7.76
1985 05 17   7.50
1985 05 24   7.25
1985 05 31   7.19
1985 06 07   7.01
1985 06 14   7.03
1985 06 21   6.81
1985 06 28   6.97
1985 07 05   6.90
1985 07 12   6.99
1985 07 19   7.07
1985 07 26   7.22
1985 08 02   7.28
1985 08 09   7.21
1985 08 16   7.13
1985 08 23   7.07
1985 08 30   7.07
1985 09 06   7.14
1985 09 13   7.23
1985 09 20   7.12
1985 09 27   6.89
1985 10 04   7.01
1985 10 11   7.17
1985 10 18   7.20
1985 10 25   7.22
1985 11 01   7.20
1985 11 08   7.25
1985 11 15   7.29
1985 11 22   7.23
1985 11 29   7.18
1985 12 06   7.24
1985 12 13   7.10
1985 12 20   7.06
1985 12 27   7.02
1986 01 03   7.04
1986 01 10   7.13
1986 01 17   7.17
1986 01 24   6.99
1986 01 31   6.98
1986 02 07   7.06
1986 02 14   7.11
1986 02 21   7.05
1986 02 28   7.04
1986 03 07   6.79
1986 03 14   6.59
1986 03 21   6.49
1986 03 28   6.39
1986 04 04   6.31
1986 04 11   6.07
1986 04 18   5.84
1986 04 25   6.03
1986 05 02   6.11
1986 05 09   6.05
1986 05 16   6.14
1986 05 23   6.20
1986 05 30   6.24
1986 06 06   6.42
1986 06 13   6.29
1986 06 20   6.10
1986 06 27   6.07
1986 07 04   5.97
1986 07 11   5.86
1986 07 18   5.75
1986 07 25   5.78
1986 08 01   5.83
1986 08 08   5.71
1986 08 15   5.60
1986 08 22   5.48
1986 08 29   5.27
1986 09 05   5.21
1986 09 12   5.20
1986 09 19   5.18
1986 09 26   5.24
1986 10 03   5.19
1986 10 10   5.05
1986 10 17   5.20
1986 10 24   5.29
1986 10 31   5.19
1986 11 07   5.26
1986 11 14   5.41
1986 11 21   5.36
1986 11 28   5.39
1986 12 05   5.42
1986 12 12   5.49
1986 12 19   5.57
1986 12 26   5.56
1987 01 02   5.65
1987 01 09   5.46
1987 01 16   5.35
1987 01 23   5.35
1987 01 30   5.51
1987 02 06   5.62
1987 02 13   5.75
1987 02 20   5.55
1987 02 27   5.45
1987 03 06   5.54
1987 03 13   5.66
1987 03 20   5.55
1987 03 27   5.60
1987 04 03   5.56
1987 04 10   5.62
1987 04 17   5.80
1987 04 24   5.54
1987 05 01   5.69
1987 05 08   5.61
1987 05 15   5.69
1987 05 22   5.68
1987 05 29   5.67
1987 06 05   5.70
1987 06 12   5.55
1987 06 19   5.65
1987 06 26   5.77
1987 07 03   5.68
1987 07 10   5.61
1987 07 17   5.58
1987 07 24   5.66
1987 07 31   5.94
1987 08 07   5.87
1987 08 14   5.94
1987 08 21   6.05
1987 08 28   6.24
1987 09 04   6.21
1987 09 11   6.39
1987 09 18   6.36
1987 09 25   6.48
1987 10 02   6.62
1987 10 09   6.65
1987 10 16   6.98
1987 10 23   5.70
1987 10 30   5.17
1987 11 06   5.62
1987 11 13   5.78
1987 11 20   5.78
1987 11 27   5.72
1987 12 04   5.41
1987 12 11   5.86
1987 12 18   5.90
1987 12 25   5.83
1988 01 01   5.73
1988 01 08   5.86
1988 01 15   5.81
1988 01 22   5.85
1988 01 29   5.74
1988 02 05   5.67
1988 02 12   5.65
1988 02 19   5.72
1988 02 26   5.63
1988 03 04   5.63
1988 03 11   5.73
1988 03 18   5.64
1988 03 25   5.77
1988 04 01   5.74
1988 04 08   5.99
1988 04 15   5.89
1988 04 22   5.83
1988 04 29   5.91
1988 05 06   6.16
1988 05 13   6.26
1988 05 20   6.22
1988 05 27   6.35
1988 06 03   6.45
1988 06 10   6.43
1988 06 17   6.36
1988 06 24   6.50
1988 07 01   6.57
1988 07 08   6.58
1988 07 15   6.70
1988 07 22   6.72
1988 07 29   6.93
1988 08 05   6.89
1988 08 12   6.98
1988 08 19   7.03
1988 08 26   7.20
1988 09 02   7.28
1988 09 09   7.30
1988 09 16   7.18
1988 09 23   7.19
1988 09 30   7.30
1988 10 07   7.25
1988 10 14   7.31
1988 10 21   7.40
1988 10 28   7.42
1988 11 04   7.38
1988 11 11   7.57
1988 11 18   7.91
1988 11 25   8.01
1988 12 02   7.94
1988 12 09   7.96
1988 12 16   8.09
1988 12 23   8.11
1988 12 30   8.16
1989 01 06   8.24
1989 01 13   8.26
1989 01 20   8.24
1989 01 27   8.29
1989 02 03   8.38
1989 02 10   8.52
1989 02 17   8.52
1989 02 24   8.57
1989 03 03   8.67
1989 03 10   8.64
1989 03 17   8.74
1989 03 24   9.03
1989 03 31   9.00
1989 04 07   8.82
1989 04 14   8.69
1989 04 21   8.55
1989 04 28   8.53
1989 05 05   8.54
1989 05 12   8.43
1989 05 19   8.30
1989 05 26   8.41
1989 06 02   8.54
1989 06 09   8.18
1989 06 16   8.14
1989 06 23   8.13
1989 06 30   8.03
1989 07 07   7.81
1989 07 14   7.77
1989 07 21   7.97
1989 07 28   7.98
1989 08 04   7.71
1989 08 11   7.92
1989 08 18   7.95
1989 08 25   7.98
1989 09 01   7.90
1989 09 08   7.82
1989 09 15   7.60
1989 09 22   7.73
1989 09 29   7.84
1989 10 06   7.76
1989 10 13   7.66
1989 10 20   7.50
1989 10 27   7.60
1989 11 03   7.77
1989 11 10   7.74
1989 11 17   7.67
1989 11 24   7.60
1989 12 01   7.63
1989 12 08   7.61
1989 12 15   7.65
1989 12 22   7.60
1989 12 29   7.68
1990 01 05   7.59
1990 01 12   7.53
1990 01 19   7.72
1990 01 26   7.69
1990 02 02   7.76
1990 02 09   7.80
1990 02 16   7.66
1990 02 23   7.74
1990 03 02   7.76
1990 03 09   7.91
1990 03 16   7.96
1990 03 23   7.93
1990 03 30   7.85
1990 04 06   7.77
1990 04 13   7.78
1990 04 20   7.76
1990 04 27   7.78
1990 05 04   7.85
1990 05 11   7.74
1990 05 18   7.67
1990 05 25   7.71
1990 06 01   7.74
1990 06 08   7.70
1990 06 15   7.70
1990 06 22   7.74
1990 06 29   7.77
1990 07 06   7.71
1990 07 13   7.73
1990 07 20   7.57
1990 07 27   7.53
1990 08 03   7.43
1990 08 10   7.37
1990 08 17   7.45
1990 08 24   7.54
1990 08 31   7.46
1990 09 07   7.38
1990 09 14   7.38
1990 09 21   7.38
1990 09 28   7.29
1990 10 05   7.13
1990 10 12   7.16
1990 10 19   7.20
1990 10 26   7.19
1990 11 02   7.11
1990 11 09   7.08
1990 11 16   7.07
1990 11 23   7.07
1990 11 30   7.04
1990 12 07   6.99
1990 12 14   6.83
1990 12 21   6.66
1990 12 28   6.48
1991 01 04   6.47
1991 01 11   6.31
1991 01 18   6.07
1991 01 25   6.12
1991 02 01   6.17
1991 02 08   5.94
1991 02 15   5.87
1991 02 22   5.94
1991 03 01   6.04
1991 03 08   6.05
1991 03 15   5.83
1991 03 22   5.87
1991 03 29   5.82
1991 04 05   5.75
1991 04 12   5.59
1991 04 19   5.63
1991 04 26   5.66
1991 05 03   5.51
1991 05 10   5.48
1991 05 17   5.44
1991 05 24   5.44
1991 05 31   5.46
1991 06 07   5.58
1991 06 14   5.58
1991 06 21   5.58
1991 06 28   5.56
1991 07 05   5.58
1991 07 12   5.57
1991 07 19   5.59
1991 07 26   5.58
1991 08 02   5.53
1991 08 09   5.40
1991 08 16   5.29
1991 08 23   5.24
1991 08 30   5.34
1991 09 06   5.32
1991 09 13   5.23
1991 09 20   5.19
1991 09 27   5.16
1991 10 04   5.07
1991 10 11   5.01
1991 10 18   5.00
1991 10 25   5.01
1991 11 01   4.85
1991 11 08   4.68
1991 11 15   4.62
1991 11 22   4.49
1991 11 29   4.39
1991 12 06   4.32
1991 12 13   4.16
1991 12 20   4.03
1991 12 27   3.81
1992 01 03   3.87
1992 01 10   3.77
1992 01 17   3.81
1992 01 24   3.77
1992 01 31   3.84
1992 02 07   3.81
1992 02 14   3.76
1992 02 21   3.87
1992 02 28   3.94
1992 03 06   4.04
1992 03 13   4.02
1992 03 20   4.06
1992 03 27   4.03
1992 04 03   4.01
1992 04 10   3.80
1992 04 17   3.63
1992 04 24   3.68
1992 05 01   3.69
1992 05 08   3.63
1992 05 15   3.60
1992 05 22   3.61
1992 05 29   3.71
1992 06 05   3.71
1992 06 12   3.67
1992 06 19   3.63
1992 06 26   3.64
1992 07 03   3.48
1992 07 10   3.22
1992 07 17   3.19
1992 07 24   3.17
1992 07 31   3.18
1992 08 07   3.16
1992 08 14   3.11
1992 08 21   3.07
1992 08 28   3.16
1992 09 04   3.10
1992 09 11   2.91
1992 09 18   2.89
1992 09 25   2.89
1992 10 02   2.69
1992 10 09   2.76
1992 10 16   2.90
1992 10 23   2.95
1992 10 30   2.94
1992 11 06   3.03
1992 11 13   3.08
1992 11 20   3.16
1992 11 27   3.24
1992 12 04   3.30
1992 12 11   3.24
1992 12 18   3.21
1992 12 25   3.18
1993 01 01   3.15
1993 01 08   3.09
1993 01 15   3.00
1993 01 22   2.99
1993 01 29   2.92
1993 02 05   2.92
1993 02 12   2.93
1993 02 19   2.92
1993 02 26   2.95
1993 03 05   2.95
1993 03 12   2.98
1993 03 19   2.97
1993 03 26   2.92
1993 04 02   2.91
1993 04 09   2.91
1993 04 16   2.85
1993 04 23   2.81
1993 04 30   2.91
1993 05 07   2.87
1993 05 14   2.91
1993 05 21   2.99
1993 05 28   3.06
1993 06 04   3.06
1993 06 11   3.10
1993 06 18   3.05
1993 06 25   3.09
1993 07 02   3.01
1993 07 09   3.02
1993 07 16   3.02
1993 07 23   3.07
1993 07 30   3.06
1993 08 06   3.06
1993 08 13   3.02
1993 08 20   3.00
1993 08 27   3.00
1993 09 03   2.99
1993 09 10   2.96
1993 09 17   2.96
1993 09 24   2.93
1993 10 01   2.92
1993 10 08   2.97
1993 10 15   3.02
1993 10 22   3.04
1993 10 29   3.06
1993 11 05   3.08
1993 11 12   3.10
1993 11 19   3.11
1993 11 26   3.12
1993 12 03   3.12
1993 12 10   3.07
1993 12 17   3.04
1993 12 24   3.06
1993 12 31   3.02
1994 01 07   3.05
1994 01 14   2.97
1994 01 21   2.96
1994 01 28   2.93
1994 02 04   3.08
1994 02 11   3.25
1994 02 18   3.27
1994 02 25   3.35
1994 03 04   3.47
1994 03 11   3.52
1994 03 18   3.52
1994 03 25   3.49
1994 04 01   3.50
1994 04 08   3.60
1994 04 15   3.57
1994 04 22   3.73
1994 04 29   3.85
1994 05 06   4.04
1994 05 13   4.19
1994 05 20   4.16
1994 05 27   4.18
1994 06 03   4.15
1994 06 10   4.11
1994 06 17   4.12
1994 06 24   4.16
1994 07 01   4.16
1994 07 08   4.28
1994 07 15   4.37
1994 07 22   4.30
1994 07 29   4.39
1994 08 05   4.34
1994 08 12   4.40
1994 08 19   4.56
1994 08 26   4.55
1994 09 02   4.56
1994 09 09   4.56
1994 09 16   4.59
1994 09 23   4.71
1994 09 30   4.66
1994 10 07   4.90
1994 10 14   4.91
1994 10 21   4.94
1994 10 28   5.01
1994 11 04   5.10
1994 11 11   5.22
1994 11 18   5.34
1994 11 25   5.31
1994 12 02   5.53
1994 12 09   5.70
1994 12 16   5.66
1994 12 23   5.49
1994 12 30   5.52
1995 01 06   5.67
1995 01 13   5.66
1995 01 20   5.70
1995 01 27   5.77
1995 02 03   5.82
1995 02 10   5.79
1995 02 17   5.75
1995 02 24   5.72
1995 03 03   5.74
1995 03 10   5.76
1995 03 17   5.75
1995 03 24   5.72
1995 03 31   5.69
1995 04 07   5.70
1995 04 14   5.63
1995 04 21   5.61
1995 04 28   5.67
1995 05 05   5.65
1995 05 12   5.64
1995 05 19   5.69
1995 05 26   5.69
1995 06 02   5.55
1995 06 09   5.56
1995 06 16   5.48
1995 06 23   5.42
1995 06 30   5.43
1995 07 07   5.43
1995 07 14   5.39
1995 07 21   5.43
1995 07 28   5.44
1995 08 04   5.42
1995 08 11   5.40
1995 08 18   5.44
1995 08 25   5.41
1995 09 01   5.31
1995 09 08   5.33
1995 09 15   5.31
1995 09 22   5.22
1995 09 29   5.26
1995 10 06   5.30
1995 10 13   5.30
1995 10 20   5.27
1995 10 27   5.24
1995 11 03   5.31
1995 11 10   5.38
1995 11 17   5.38
1995 11 24   5.35
1995 12 01   5.33
1995 12 08   5.32
1995 12 15   5.26
1995 12 22   5.02
1995 12 29   4.89
1996 01 05   5.02
1996 01 12   5.03
1996 01 19   4.98
1996 01 26   4.97
1996 02 02   4.93
1996 02 09   4.81
1996 02 16   4.79
1996 02 23   4.82
1996 03 01   4.87
1996 03 08   4.89
1996 03 15   4.97
1996 03 22   5.00
1996 03 29   5.00
1996 04 05   5.01
1996 04 12   4.97
1996 04 19   4.85
1996 04 26   4.96
1996 05 03   5.00
1996 05 10   5.00
1996 05 17   5.01
1996 05 24   5.04
1996 05 31   5.04
1996 06 07   5.09
1996 06 14   5.11
1996 06 21   5.09
1996 06 28   5.09
1996 07 05   5.13
1996 07 12   5.15
1996 07 19   5.13
1996 07 26   5.16
1996 08 02   5.15
1996 08 09   5.03
1996 08 16   5.03
1996 08 23   5.02
1996 08 30   5.09
1996 09 06   5.19
1996 09 13   5.13
1996 09 20   5.12
1996 09 27   4.98
1996 10 04   4.91
1996 10 11   4.98
1996 10 18   5.00
1996 10 25   5.00
1996 11 01   5.03
1996 11 08   5.03
1996 11 15   5.03
1996 11 22   5.03
1996 11 29   5.02
1996 12 06   4.92
1996 12 13   4.83
1996 12 20   4.88
1996 12 27   4.97
1997 01 03   5.05
1997 01 10   5.03
1997 01 17   5.03
1997 01 24   5.04
1997 01 31   5.04
1997 02 07   4.99
1997 02 14   5.00
1997 02 21   4.97
1997 02 28   5.05
1997 03 07   5.09
1997 03 14   5.08
1997 03 21   5.17
1997 03 28   5.25
1997 04 04   5.17
1997 04 11   5.14
1997 04 18   5.16
1997 04 25   5.19
1997 05 02   5.15
1997 05 09   5.06
1997 05 16   5.05
1997 05 23   5.10
1997 05 30   4.94
1997 06 06   4.91
1997 06 13   4.88
1997 06 20   4.91
1997 06 27   4.99
1997 07 04   5.04
1997 07 11   4.99
1997 07 18   5.05
1997 07 25   5.08
1997 08 01   5.11
1997 08 08   5.15
1997 08 15   5.17
1997 08 22   5.12
1997 08 29   5.13
1997 09 05   5.03
1997 09 12   5.00
1997 09 19   4.97
1997 09 26   4.85
1997 10 03   4.92
1997 10 10   4.95
1997 10 17   4.94
1997 10 24   4.97
1997 10 31   5.04
1997 11 07   5.14
1997 11 14   5.16
1997 11 21   5.15
1997 11 28   5.13
1997 12 05   5.13
1997 12 12   5.10
1997 12 19   5.12
1997 12 26   5.27
